#! FIELDS time rc sigma_rc height biasf
#! SET multivariate false
                      1      3.270586524968325                   0.15      1.607142857142857                     15
                      2      3.292110667064813                   0.15      1.540248126468158                     15
                      3      3.345424309542639                   0.15      1.488670806834101                     15
                      4      3.437351591363279                   0.15      1.480779267596682                     15
                      5      3.545923938826222                   0.15       1.50668626482686                     15
                      6      3.468490253251577                   0.15      1.395776561730546                     15
                      7      3.545386443450312                   0.15      1.400266453121074                     15
                      8       3.57755178770235                   0.15      1.377469561954089                     15
                      9      3.620187545013339                   0.15      1.370516131953241                     15
                     10      3.264393293329286                   0.15      1.352274197642906                     15
                     11      3.349369759354845                   0.15      1.240994186945752                     15
                     12      3.661550229284687                   0.15      1.360970332789313                     15
                     13      3.419574939615539                   0.15      1.171363704087117                     15
                     14      3.279549933545353                   0.15      1.225566255526603                     15
                     15      3.430653306817023                   0.15      1.112155845074915                     15
                     16      3.665144423017479                   0.15      1.293104496375474                     15
                     17      3.169916197953492                   0.15      1.332416801590968                     15
                     18      3.754117827804581                   0.15      1.382829924770261                     15
                     19      3.547132159841822                   0.15      1.097342400184696                     15
                     20      3.285809572136671                   0.15      1.118212688196022                     15
                     21       3.65672470144209                   0.15      1.172242336762854                     15
                     22      3.396310433522259                   0.15      1.010189820979589                     15
                     23      3.127240109244061                   0.15      1.324447499879651                     15
                     24      3.152275973757956                   0.15      1.234017894488581                     15
                     25      3.623469141373516                   0.15      1.086805061471322                     15
                     26      3.286789046252578                   0.15      1.014299172061502                     15
                     27      3.499766355843743                   0.15     0.9578199988324582                     15
                     28      3.963094353758849                   0.15      1.549523728800615                     15
                     29      3.799563526927986                   0.15      1.303950887490378                     15
                     30      3.592517963699233                   0.15     0.9838370631230947                     15
                     31      3.406323244479724                   0.15     0.9069952419586031                     15
                     32      3.734563932509662                   0.15      1.137757151558506                     15
                     33       3.71441410685253                   0.15      1.072286048708961                     15
                     34      3.989838926939151                   0.15       1.46109306201213                     15
                     35      4.035054301468252                   0.15      1.446836832084819                     15
                     36      4.115274015680756                   0.15      1.461397836049657                     15
                     37      4.186804197277201                   0.15      1.467763370330234                     15
                     38      4.049338006056814                   0.15      1.320636982023442                     15
                     39      4.339672679437561                   0.15      1.527565562841713                     15
                     40      4.025999807177027                   0.15      1.259772605872432                     15
                     41      3.807196422307397                   0.15      1.128031431433089                     15
                     42      3.980319780850474                   0.15      1.190456817821163                     15
                     43      3.700771475123518                   0.15     0.9774137337295344                     15
                     44      4.004965444972195                   0.15      1.157158085825961                     15
                     45      4.352362271452798                   0.15      1.465581191288696                     15
                     46      4.370817420709251                   0.15      1.424253770054392                     15
                     47      4.190015456407291                   0.15      1.236734991905108                     15
                     48      4.119963546386161                   0.15      1.145553424593727                     15
                     49      3.854802386947793                   0.15      1.062411157365472                     15
                     50      3.805357751211143                   0.15      1.007855066274636                     15
                     51        3.8337557946041                   0.15     0.9969080843405267                     15
                     52      3.929821517243522                   0.15      1.007227745820785                     15
                     53      3.905297008225831                   0.15     0.9734771373492522                     15
                     54      4.098359347177276                   0.15      1.052708437830709                     15
                     55      4.195515339697153                   0.15      1.126655965273866                     15
                     56      4.090872091780128                   0.15     0.9932983034500512                     15
                     57      3.759443032715292                   0.15     0.8967795992322287                     15
                     58        3.8186529477806                   0.15     0.8925402421508857                     15
                     59       3.79677641522529                   0.15     0.8659375166045085                     15
                     60      3.688495645984331                   0.15     0.8268871838733126                     15
                     61      3.791128985875958                   0.15     0.8300344603993014                     15
                     62      3.733969588544689                   0.15     0.7985442433388559                     15
                     63      3.922110859289857                   0.15     0.8507286606745421                     15
                     64      3.936539131972983                   0.15     0.8381744216622848                     15
                     65      3.976089101754406                   0.15     0.8395761396292877                     15
                     66      3.915470617942059                   0.15     0.7939151419400018                     15
                     67      3.536973635671328                   0.15     0.8121383389769574                     15
                     68      3.435608209793496                   0.15     0.8380016097889819                     15
                     69      3.270609263367573                   0.15     0.9575903937926441                     15
                     70      3.466217198874633                   0.15     0.7972120763567718                     15
                     71      3.073715439136044                   0.15      1.298478890766255                     15
                     72      3.178941117280321                   0.15      1.050621418564954                     15
                     73      2.967147704944533                   0.15      1.426009115352016                     15
                     74      3.055741727935821                   0.15      1.223755328529614                     15
                     75       2.88164481915541                   0.15      1.457700814624422                     15
                     76      3.121603281705509                   0.15      1.060546757221631                     15
                     77      3.282143775362875                   0.15     0.8506560062561149                     15
                     78      3.326254317136441                   0.15     0.8045497432551172                     15
                     79      3.313119853423318                   0.15     0.7943771178414802                     15
                     80      3.421778160696812                   0.15     0.7474698921111563                     15
                     81      3.429108445046099                   0.15     0.7322012011315738                     15
                     82      3.382559315047102                   0.15     0.7246674931591557                     15
                     83      3.595125280956234                   0.15     0.7219598328276779                     15
                     84      3.519573838490771                   0.15      0.699864826134686                     15
                     85      3.193713731029145                   0.15     0.8702411990001092                     15
                     86      3.588200130188192                   0.15     0.6950757168647564                     15
                     87      3.693140475247866                   0.15     0.7033821012401997                     15
                     88      3.698980865300239                   0.15     0.6916986831124654                     15
                     89      3.934513337042373                   0.15     0.7730264116067103                     15
                     90      3.828049224916567                   0.15     0.7118431208007229                     15
                     91      3.872962091966888                   0.15       0.71554939435945                     15
                     92      3.851289065756233                   0.15     0.6935718155602645                     15
                     93       3.48733344557222                   0.15     0.6606431115123721                     15
                     94      3.815319511780188                   0.15     0.6686246356369058                     15
                     95      3.926264572958019                   0.15     0.7065447952693882                     15
                     96      4.337268640521741                   0.15      1.253979805955418                     15
                     97      4.378371343214303                   0.15      1.270906335317408                     15
                     98      4.460790828947608                   0.15      1.348141029838421                     15
                     99      4.289794183892055                   0.15      1.092868485983618                     15
                    100       4.24509619290718                   0.15      1.015529269770929                     15
                    101      4.137809513073097                   0.15     0.8783568797762958                     15
                    102      4.004395598388668                   0.15     0.7336689747022066                     15
                    103       4.05782060904416                   0.15     0.7646714528695011                     15
                    104      4.205010163643473                   0.15     0.9091620804007637                     15
                    105      3.627694843965393                   0.15     0.6370940793319642                     15
                    106      4.211349141253063                   0.15     0.8945597327503204                     15
                    107      4.064375440485403                   0.15     0.7324368364263351                     15
                    108       4.35166029126978                   0.15      1.055481424187413                     15
                    109      4.525685347118485                   0.15      1.347849923085483                     15
                    110      4.653051498642651                   0.15      1.491268728137755                     15
                    111      4.643808803317407                   0.15      1.422806384944891                     15
                    112      4.894152381421562                   0.15      1.570765472556171                     15
                    113       4.89578689695059                   0.15      1.506841154279523                     15
                    114      5.022517352126293                   0.15      1.512137642365084                     15
                    115      5.070596617489002                   0.15      1.481616674985606                     15
                    116      4.826965230312865                   0.15      1.385089669761267                     15
                    117      4.759812181851618                   0.15      1.339107846962646                     15
                    118      4.325123650474719                   0.15     0.9637518281108796                     15
                    119      4.586446178370553                   0.15      1.248115055342939                     15
                    120      4.450033405042459                   0.15       1.07475102008814                     15
                    121       4.50122808397038                   0.15      1.101995626891678                     15
                    122       4.52556304217676                   0.15      1.095716194734427                     15
                    123      4.857611951649048                   0.15      1.280128344586794                     15
                    124      4.542476435494668                   0.15      1.077029954793651                     15
                    125      4.735030736126965                   0.15      1.189760338192409                     15
                    126      4.767092383866385                   0.15      1.165800600259834                     15
                    127      5.369835702008947                   0.15      1.593012003034858                     15
                    128      5.182395563284051                   0.15      1.464660658681826                     15
                    129      5.457286366369527                   0.15      1.536029428769091                     15
                    130      5.387714638853546                   0.15      1.452390715048364                     15
                    131      5.546466227177057                   0.15       1.48318261149912                     15
                    132      5.638118512830282                   0.15      1.496445169558891                     15
                    133      5.423907936254864                   0.15      1.349205653059014                     15
                    134      5.465588809987135                   0.15      1.305859975725277                     15
                    135      5.497366661439784                   0.15      1.272199571924772                     15
                    136      5.333223739771318                   0.15       1.26790758070913                     15
                    137      5.117958123955544                   0.15      1.322198731991489                     15
                    138      5.236361123733808                   0.15      1.261990864504694                     15
                    139      5.128319448175575                   0.15      1.245031777180543                     15
                    140      5.388639066795498                   0.15       1.15470918110385                     15
                    141      4.980229597100321                   0.15      1.187070464828874                     15
                    142      4.843261498847407                   0.15      1.123074740267524                     15
                    143      4.966332011298578                   0.15      1.122720093469743                     15
                    144      5.196060305968332                   0.15      1.155431226497669                     15
                    145       4.91262860202437                   0.15      1.069398926772922                     15
                    146      5.242193946654235                   0.15      1.113552838072346                     15
                    147      5.438183809351756                   0.15       1.10452710437715                     15
                    148      5.197948641381182                   0.15      1.074840937691369                     15
                    149      5.272328318033134                   0.15      1.034393469605657                     15
                    150       5.11125577977753                   0.15      1.033272088279408                     15
                    151      5.060199922412304                   0.15      1.009713388164359                     15
                    152      5.246703155487369                   0.15      0.979245747281588                     15
                    153      5.615317974764417                   0.15      1.285934548466343                     15
                    154      5.387731881010422                   0.15     0.9826843081521994                     15
                    155      5.796573970545766                   0.15      1.502982665109255                     15
                    156      5.637985036803128                   0.15      1.242580373652703                     15
                    157       5.67547024654272                   0.15      1.256261343920674                     15
                    158      5.759272321942333                   0.15      1.332389864767648                     15
                    159      6.085014645497221                   0.15      1.588575827751223                     15
                    160      5.906309471831523                   0.15      1.441728825178105                     15
                    161       5.94400341366138                   0.15        1.4150124423779                     15
                    162      5.841404796813821                   0.15      1.292215235361231                     15
                    163       5.74517153752458                   0.15      1.182952551668023                     15
                    164      5.761653765221388                   0.15      1.157182643320978                     15
                    165      5.726214486044947                   0.15      1.100077239738087                     15
                    166      5.830179299722062                   0.15      1.147587520747495                     15
                    167      6.150338894055629                   0.15      1.487435810870496                     15
                    168      6.048402506220691                   0.15      1.339257613121255                     15
                    169      6.022452626916134                   0.15      1.267927410803429                     15
                    170      5.924082792037765                   0.15      1.143668817099101                     15
                    171      5.957649490500526                   0.15      1.135874265621229                     15
                    172      6.133526026580217                   0.15      1.302666705536878                     15
                    173      6.176428580536048                   0.15      1.317635830488498                     15
                    174      6.280139296730701                   0.15       1.41925748879808                     15
                    175      6.216100649584678                   0.15      1.282870164077679                     15
                    176      6.408461423151731                   0.15      1.489668741897423                     15
                    177      6.445379811003767                   0.15      1.467010715632511                     15
                    178      6.541867815911328                   0.15       1.49123830212944                     15
                    179       6.53201451476783                   0.15      1.425664532434436                     15
                    180      6.433240449357364                   0.15      1.316621246318684                     15
                    181      6.586244791736057                   0.15      1.386015539882208                     15
                    182      6.510804449142458                   0.15      1.274599321515897                     15
                    183      6.487370966172606                   0.15      1.220369964856653                     15
                    184      6.516075332082491                   0.15      1.196119267745268                     15
                    185      6.510052305170143                   0.15      1.154914597549198                     15
                    186       6.38654218184746                   0.15      1.123374772312824                     15
                    187      6.408678580597255                   0.15      1.082464041761535                     15
                    188      6.245182026245988                   0.15      1.118099009715167                     15
                    189      6.636196409597099                   0.15      1.249243245318697                     15
                    190      6.501243102003066                   0.15      1.034271037980161                     15
                    191      6.280774190869712                   0.15      1.064521645686382                     15
                    192      6.222267083074403                   0.15      1.054080002641433                     15
                    193       6.36754374536943                   0.15     0.9774938274912915                     15
                    194      6.601253977132568                   0.15      1.108972185401999                     15
                    195      6.722537650496891                   0.15      1.327421173003402                     15
                    196      6.780572704878505                   0.15      1.389884483733131                     15
                    197      6.737691651279198                   0.15      1.265060976014172                     15
                    198      6.687017145012137                   0.15      1.136124019428263                     15
                    199      6.734400002249104                   0.15      1.182647183080444                     15
                    200      6.760567909523997                   0.15      1.191304690189073                     15
                    201      6.865677694778677                   0.15      1.341871793158131                     15
                    202      6.884912777124978                   0.15      1.326923376774426                     15
