#! FIELDS time d575_1667 d327_1664 d1328_1666 d960_1667 d134_1666 d1238_1664 d1321_1667 d1631_1666
 0.000000 1.041831 1.352327 1.190055 1.365993 2.144216 0.994529 1.366165 1.696641
 1.000000 1.086155 1.354290 1.191632 1.322104 2.150502 1.024912 1.400921 1.700795
 2.000000 1.093704 1.484057 1.080996 1.393112 2.290527 1.003218 1.324267 1.851820
 3.000000 1.133491 1.430027 1.153841 1.361415 2.205001 1.022106 1.360701 1.771156
 4.000000 0.889119 1.312517 1.221616 1.421095 2.223258 1.016937 1.454104 1.752032
 5.000000 1.056417 1.558672 1.003423 1.441178 2.182667 0.972216 1.197753 1.788163
 6.000000 0.977356 1.405238 0.977625 1.426651 2.292033 0.989328 1.293354 1.933062
 7.000000 1.007743 1.481550 1.072049 1.351137 2.296670 0.997290 1.429995 1.859390
 8.000000 1.126128 1.501622 1.001045 1.359473 2.275778 0.983773 1.227680 1.906698
 9.000000 0.883189 1.448678 1.298475 1.353052 2.190303 1.040251 1.439281 1.771491
 10.000000 0.924734 1.392615 1.183159 1.356244 2.159688 1.143846 1.487154 1.746177
 11.000000 0.930669 1.403848 1.121625 1.394607 2.242699 1.087904 1.396294 1.820563
 12.000000 1.097821 1.311160 1.068447 1.240775 2.156735 1.239381 1.148891 1.806943
 13.000000 1.156884 1.287437 1.008306 1.290169 2.355512 1.204618 1.093075 1.953351
 14.000000 1.149566 1.326068 0.966861 1.217598 2.280703 1.183951 1.084954 1.882729
 15.000000 1.109265 1.268770 1.094719 1.264890 2.237723 1.256860 1.157890 1.878691
 16.000000 1.176466 1.256405 1.065403 1.215935 2.274092 1.197383 1.083359 1.863683
 17.000000 1.149255 1.223953 1.129994 1.218247 2.260281 1.309599 1.201600 1.843061
 18.000000 1.069225 1.352915 1.082699 1.237073 2.252626 1.291784 1.147952 1.860250
 19.000000 1.071581 1.271065 1.015264 1.327070 2.358976 1.245948 1.142390 1.984703
 20.000000 1.094211 1.245354 1.123353 1.241056 2.238567 1.277633 1.162782 1.880550
 21.000000 1.103859 1.258668 1.159521 1.274126 2.191510 1.261752 1.103794 1.781867
 22.000000 1.111588 1.162718 1.200613 1.286993 2.223330 1.252065 1.204609 1.794247
 23.000000 1.185844 1.228898 1.226554 1.244918 2.238830 1.251406 1.127605 1.821735
 24.000000 1.037290 1.191642 1.176314 1.298746 2.289608 1.274020 1.197032 1.832845
 25.000000 0.989345 1.218070 1.301594 1.295418 2.247494 1.308429 1.229873 1.770355
 26.000000 0.996118 1.298588 1.173307 1.364795 2.371553 1.292005 1.264953 1.866004
 27.000000 1.101467 1.325209 1.131089 1.246349 2.303734 1.170831 1.191250 1.934102
 28.000000 1.053823 1.356614 1.184462 1.316393 2.321580 1.154718 1.284804 1.875240
 29.000000 1.047134 1.266399 1.293048 1.250383 2.341629 1.245748 1.247148 1.904525
 30.000000 1.058083 1.357442 1.223377 1.301035 2.315195 1.147197 1.154583 1.843979
 31.000000 1.049460 1.320191 1.253321 1.297229 2.252378 1.245477 1.205251 1.822465
 32.000000 0.961122 1.366922 1.089998 1.358694 2.268971 1.131535 1.235381 1.887162
 33.000000 1.015335 1.181767 1.223374 1.465958 2.235066 1.251223 1.212247 1.807629
 34.000000 1.055915 1.079427 1.159055 1.464604 2.181268 1.217538 1.263949 1.777856
 35.000000 1.121068 1.338410 1.013940 1.512555 2.436828 1.117703 1.212587 1.896544
 36.000000 1.007020 1.532507 1.174227 1.476755 2.281861 0.964370 1.334747 1.847835
 37.000000 1.071699 1.383792 1.152006 1.489985 2.212466 1.056524 1.280551 1.697793
 38.000000 1.077364 1.430704 1.129777 1.445778 2.257642 1.058471 1.360705 1.729223
 39.000000 1.163497 1.405638 0.963011 1.543247 2.389635 1.023253 1.091151 1.831954
 40.000000 1.018553 1.319915 1.179282 1.528817 2.145480 1.101454 1.324170 1.652885
 41.000000 1.057630 1.356959 1.189821 1.490388 2.155873 1.023951 1.343655 1.655190
 42.000000 1.005947 1.312776 1.255816 1.491103 2.230250 1.043606 1.401181 1.665284
 43.000000 1.114305 1.349448 1.119104 1.439633 2.166801 1.087442 1.299571 1.674080
 44.000000 0.986354 1.368587 1.127195 1.491649 2.149827 1.064294 1.292236 1.660649
 45.000000 1.009171 1.408544 1.102928 1.471859 2.181789 1.044339 1.235026 1.716347
 46.000000 0.848586 1.320552 1.053560 1.460633 2.254980 1.070530 1.385568 1.794798
 47.000000 0.979622 1.374891 1.015692 1.317892 2.164532 1.005611 1.379042 1.719736
 48.000000 1.186722 1.360897 1.074234 1.371629 2.220509 1.112488 1.316929 1.729137
 49.000000 0.878812 1.371090 1.151591 1.355245 2.081734 0.987392 1.358591 1.638282
 50.000000 0.856846 1.270849 1.069982 1.393682 2.181386 0.986808 1.343870 1.704975
 51.000000 0.895377 1.078362 0.915413 1.529846 2.240479 1.304033 1.193669 1.771670
 52.000000 0.970866 1.270806 1.058745 1.292527 2.225559 1.246696 1.268425 1.824850
 53.000000 1.195368 1.105488 0.976662 1.324631 2.148833 1.231300 0.988628 1.824300
 54.000000 1.214810 1.132623 1.131992 1.242131 2.136844 1.214784 1.122446 1.797439
 55.000000 1.025680 1.196325 1.172500 1.295922 2.121244 1.274800 1.243711 1.666070
 56.000000 1.086676 1.181151 1.089504 1.329551 2.151676 1.257848 1.078914 1.818885
 57.000000 1.031664 1.156538 0.945313 1.381930 2.305296 1.254397 1.208511 1.863635
 58.000000 1.010541 1.327879 0.851661 1.427402 2.171214 1.234997 1.053024 1.835887
 59.000000 1.043176 1.257358 0.960440 1.400450 2.155616 1.215649 1.093160 1.829290
 60.000000 0.987308 1.243232 0.936746 1.426721 2.185223 1.158165 1.148648 1.849520
 61.000000 0.844444 1.239978 1.060256 1.598157 2.181394 1.102931 1.316171 1.679468
 62.000000 0.999023 1.265028 0.900985 1.706977 2.411357 1.317077 1.049269 2.004194
 63.000000 0.955687 1.149697 1.168921 1.585351 2.168901 1.232087 1.309235 1.721595
 64.000000 0.947235 1.272350 1.236319 1.495090 2.099756 1.348429 1.502301 1.645378
 65.000000 0.850445 1.426082 1.216129 1.487293 2.097718 1.336944 1.418683 1.711754
 66.000000 0.968015 1.356457 1.137217 1.471780 2.115651 1.016483 1.282520 1.696228
 67.000000 0.960189 1.343816 1.152250 1.508909 2.193098 1.042667 1.385113 1.692090
 68.000000 0.890785 1.156575 1.191888 1.555080 2.089002 1.090267 1.293730 1.653555
 69.000000 0.810444 1.225310 1.137044 1.517715 2.143996 1.079181 1.342490 1.710924
 70.000000 0.809459 1.261861 1.153772 1.459708 2.167165 1.048726 1.420934 1.724010
 71.000000 0.828605 1.302805 1.092870 1.556783 2.213311 1.011064 1.221266 1.783281
 72.000000 1.043906 1.111045 1.088511 1.430235 2.106146 1.250978 1.134740 1.783118
 73.000000 1.012295 1.164985 1.230930 1.306450 2.014995 1.247364 1.214924 1.612889
 74.000000 1.128646 1.274512 1.180385 1.227886 1.986968 1.170550 1.187059 1.647402
 75.000000 1.192881 1.255505 1.175525 1.182460 2.059642 1.197993 1.170064 1.659165
 76.000000 1.055140 1.278684 1.101256 1.218125 2.059007 1.190685 1.173797 1.637521
 77.000000 1.193952 1.070369 1.138119 1.168754 2.048031 1.293050 1.137033 1.657118
 78.000000 1.124417 1.341337 1.102581 1.231498 2.152783 1.205806 1.159693 1.779594
 79.000000 1.178636 1.202541 0.897477 1.273021 2.275405 1.225175 1.054403 1.870983
 80.000000 1.137075 1.316282 0.886409 1.292127 2.179766 1.171332 1.014081 1.769190
 81.000000 1.072816 1.318374 0.986130 1.384736 2.121688 1.045347 1.164492 1.660482
 82.000000 1.141419 1.403618 0.941926 1.480049 2.254981 1.062059 1.066961 1.790332
 83.000000 1.010399 1.312250 1.122483 1.377276 2.060978 1.038613 1.199166 1.611639
 84.000000 1.054678 1.338897 1.077877 1.396028 2.133015 0.969489 1.257983 1.672634
 85.000000 0.969871 1.359916 1.008681 1.489721 2.160708 1.046901 1.180927 1.695290
 86.000000 1.058332 1.298706 1.050083 1.383565 2.063169 1.047799 1.197739 1.639716
 87.000000 1.071669 1.387585 1.055494 1.433911 2.102441 1.000890 1.183910 1.635418
 88.000000 0.992721 1.286581 1.161990 1.338346 1.985947 1.064213 1.328032 1.572088
 89.000000 1.132356 1.281516 0.971537 1.419762 2.154593 1.019387 1.117773 1.659582
 90.000000 1.047335 1.411646 1.040914 1.317386 2.116494 1.083897 1.338795 1.654723
 91.000000 1.033354 1.431076 0.916551 1.351226 2.147897 0.969310 1.188861 1.760455
 92.000000 0.947724 1.270248 1.056505 1.423822 2.045566 1.033575 1.265735 1.553504
 93.000000 1.031916 1.405368 1.062602 1.285354 2.036878 0.977302 1.290204 1.624993
 94.000000 1.012709 1.350476 0.910330 1.397113 2.147303 0.951323 1.154097 1.733918
 95.000000 1.106038 1.348054 0.908633 1.384852 2.258604 0.990245 1.251136 1.812943
 96.000000 1.076280 1.393454 1.052714 1.410491 2.150295 0.993580 1.249908 1.662458
 97.000000 1.098320 1.380390 0.922326 1.491545 2.213879 1.042868 1.067802 1.726723
 98.000000 0.994958 1.346310 0.915734 1.480649 2.253620 1.009170 1.101706 1.754360
 99.000000 1.034898 1.368900 1.067450 1.423210 2.134918 0.978933 1.209435 1.709749
 100.000000 1.104717 1.358355 0.970217 1.400065 2.216291 1.043092 1.158976 1.705293
 101.000000 1.096675 1.285467 1.109043 1.428649 2.092229 0.991347 1.282470 1.669441
 102.000000 1.053796 1.389042 1.030426 1.360214 2.173772 0.980992 1.234594 1.726506
 103.000000 0.910888 1.303452 1.095137 1.386204 2.117489 1.065575 1.403250 1.671380
 104.000000 0.973001 1.397329 1.005577 1.474512 2.132836 0.988038 1.167396 1.693831
 105.000000 0.985037 1.445244 1.101079 1.385012 2.092472 0.981738 1.343577 1.753821
 106.000000 0.939117 1.452127 1.113505 1.323600 2.025547 1.014801 1.371145 1.635454
 107.000000 0.915566 1.342786 1.177154 1.381830 2.053065 0.998660 1.374639 1.587223
 108.000000 1.019991 1.392963 1.121033 1.495632 2.153594 1.076905 1.222226 1.733181
 109.000000 0.964106 1.418258 1.142561 1.416480 2.143931 0.999551 1.311110 1.699075
 110.000000 0.991085 1.427186 1.039025 1.392162 2.076960 0.956305 1.108879 1.682768
 111.000000 1.017545 1.368990 1.111200 1.384539 2.120547 1.078297 1.332143 1.680919
 112.000000 1.183830 1.338553 1.052805 1.389818 2.293989 1.026906 1.277284 1.767984
 113.000000 1.185904 1.354549 1.048653 1.492250 2.277781 1.049920 1.147511 1.806415
 114.000000 1.362603 1.260434 0.841521 1.423198 2.396922 1.130665 0.973711 1.931534
 115.000000 1.187981 1.346256 0.962878 1.530656 2.302242 1.039255 1.098653 1.885301
 116.000000 1.273129 1.198356 1.009799 1.407538 2.246238 1.127694 1.174798 1.790010
 117.000000 1.282424 1.236149 0.964425 1.429716 2.324544 1.119998 1.093933 1.766654
 118.000000 1.269594 1.349098 0.880815 1.417492 2.326287 1.077970 1.038155 1.858701
 119.000000 1.235332 1.197117 0.813044 1.492686 2.360547 1.204911 1.082727 1.909431
 120.000000 1.217786 1.300808 0.906601 1.454836 2.329826 1.036122 1.091722 1.916485
 121.000000 1.096435 1.402377 1.104153 1.407810 2.176654 1.047619 1.323954 1.770601
 122.000000 1.101299 1.315027 1.015746 1.436230 2.286157 1.052301 1.376626 1.805831
 123.000000 0.985163 1.296440 0.989441 1.452724 2.261569 1.002671 1.266284 1.735217
 124.000000 0.952355 1.119237 0.961055 1.523669 2.246844 1.132647 1.326699 1.716193
 125.000000 0.938081 1.294355 1.095458 1.395782 2.118074 1.094943 1.299782 1.640692
 126.000000 0.935999 1.374907 1.026585 1.388240 2.221072 1.052575 1.340641 1.716714
 127.000000 0.951804 1.485698 1.016784 1.335763 2.092110 0.940998 1.252159 1.751298
 128.000000 1.027635 1.523420 1.100827 1.235748 2.088249 0.950561 1.399312 1.719863
 129.000000 0.981819 1.352143 1.120154 1.415465 2.105998 0.935883 1.316712 1.668714
 130.000000 1.026587 1.502071 1.041769 1.219602 2.156850 1.223174 1.280166 1.748378
 131.000000 0.898140 1.476456 1.129921 1.346731 2.177448 1.281107 1.461293 1.771478
 132.000000 1.025061 1.258273 1.168919 1.380534 2.121342 1.062365 1.356049 1.620223
 133.000000 0.856390 1.459473 1.177139 1.344577 2.072136 1.162229 1.444228 1.754403
 134.000000 1.027950 1.454396 1.080251 1.308331 2.091596 1.138347 1.286425 1.679142
 135.000000 0.899748 1.342580 1.109079 1.445967 2.123099 1.342941 1.415052 1.602193
 136.000000 1.117170 1.226850 1.174551 1.371013 2.125240 1.213234 1.361121 1.659177
 137.000000 0.927213 1.191559 1.212705 1.506913 2.140366 1.366037 1.371129 1.640572
 138.000000 1.009011 1.289587 1.024387 1.343680 2.184993 0.969559 1.349150 1.712381
 139.000000 1.189378 1.250295 1.039140 1.431471 2.359646 1.118750 1.277360 1.840368
 140.000000 1.209881 1.332771 1.073155 1.428842 2.304671 1.040932 1.293942 1.805976
 141.000000 1.053592 1.299091 1.043104 1.460919 2.403327 1.088683 1.367562 1.836697
 142.000000 0.981363 1.481875 1.171497 1.294736 2.107043 0.929624 1.407589 1.688332
 143.000000 1.068113 1.328138 1.185256 1.331885 2.141167 1.050304 1.404433 1.628615
 144.000000 1.094928 1.324708 1.219628 1.405801 2.157897 0.992025 1.298360 1.635900
 145.000000 1.138250 1.202683 1.097804 1.428611 2.353149 1.100375 1.230772 1.844094
 146.000000 1.152397 1.293745 1.020115 1.442333 2.327395 0.989649 1.199965 1.787872
 147.000000 1.238513 1.244196 1.021112 1.426217 2.324138 1.086085 1.184149 1.850908
 148.000000 0.879407 1.384151 1.164541 1.326739 2.163257 1.010015 1.392940 1.697250
 149.000000 1.049863 1.098381 1.000932 1.397079 2.151202 1.173833 1.105086 1.782316
 150.000000 1.173522 1.223855 0.990770 1.215575 2.198069 1.271455 1.109562 1.863090
 151.000000 1.117871 1.306241 1.145934 1.227988 2.105361 1.258770 1.168188 1.658594
 152.000000 1.077992 1.323030 1.139292 1.245829 2.105111 1.240410 1.229249 1.693703
 153.000000 1.102490 1.354705 1.118673 1.253866 2.127677 1.229496 1.196225 1.640406
 154.000000 0.883241 1.250057 1.165508 1.457803 2.065542 1.043788 1.275508 1.711968
 155.000000 0.794061 1.317889 1.100686 1.535544 2.087890 1.046109 1.348075 1.624503
 156.000000 0.797784 1.238193 1.217269 1.533619 2.132732 1.074590 1.429925 1.635551
 157.000000 0.804309 1.200602 1.263744 1.567721 2.072558 1.129413 1.432760 1.603796
 158.000000 0.780614 1.261566 1.222003 1.518124 2.089117 1.085189 1.413253 1.616839
 159.000000 0.856240 1.273540 1.163690 1.456548 2.083918 1.018129 1.378879 1.569520
 160.000000 0.871843 1.226740 1.282051 1.506468 2.080813 1.112477 1.376619 1.588940
 161.000000 0.783934 1.218520 1.222961 1.599082 2.087461 1.153094 1.374482 1.579929
 162.000000 0.895448 1.321423 1.288328 1.525640 2.125773 1.060588 1.412100 1.634422
 163.000000 0.819879 1.236623 1.218436 1.479195 2.095130 1.041828 1.351590 1.625624
 164.000000 0.772133 1.247520 1.251347 1.471980 2.047297 1.008432 1.399245 1.595087
 165.000000 0.896209 1.363446 1.126570 1.406665 2.135662 0.977467 1.341096 1.685485
 166.000000 0.857374 1.261809 1.237567 1.556238 2.177603 1.089704 1.413044 1.699933
 167.000000 0.917013 1.404569 0.969727 1.495504 2.215123 0.973364 1.250465 1.733235
 168.000000 0.810731 1.101996 1.182528 1.559899 2.129274 1.177300 1.347867 1.645384
 169.000000 0.926320 1.342456 1.062637 1.502375 2.123055 1.060533 1.232471 1.700053
 170.000000 0.870652 1.322631 1.122578 1.451099 2.098821 1.043997 1.433374 1.604683
 171.000000 0.994594 1.465880 0.975175 1.280531 2.199703 1.209417 1.276007 1.797523
 172.000000 0.929932 1.393136 1.016414 1.362525 2.264490 1.250634 1.350231 1.787906
 173.000000 0.847416 1.399967 1.176514 1.393192 2.199530 1.423701 1.495803 1.740670
 174.000000 0.917263 1.440345 1.081907 1.455242 2.282731 1.248895 1.381956 1.821932
 175.000000 0.899003 1.436753 1.143976 1.368747 2.103485 1.459984 1.321791 1.700964
 176.000000 1.114336 1.541266 1.163851 1.151302 2.154579 1.102398 1.344326 1.731039
 177.000000 1.207560 1.178862 1.150506 1.182219 2.087119 1.314200 1.179767 1.665479
 178.000000 1.103219 1.276671 1.058351 1.235679 2.273607 1.266790 1.285268 1.804891
 179.000000 1.113764 1.164844 1.114878 1.228922 2.088495 1.446138 1.169394 1.718184
 180.000000 1.155326 1.152612 1.026868 1.131692 2.176469 1.392927 1.275780 1.766085
 181.000000 1.219850 1.164786 1.072422 1.132054 2.065786 1.360522 1.262572 1.728285
 182.000000 1.120841 1.079456 1.190971 1.171538 2.087097 1.406245 1.267509 1.695139
 183.000000 1.170875 1.045932 1.024118 1.085373 2.126176 1.385340 1.198322 1.737261
 184.000000 1.071006 1.285214 1.100286 1.214390 2.146542 1.449292 1.297877 1.712222
 185.000000 1.174387 1.162856 1.055620 1.108492 2.094223 1.454519 1.239171 1.646127
 186.000000 1.137331 1.124199 1.044742 1.149385 2.127737 1.426619 1.223995 1.705933
 187.000000 1.119054 1.457892 1.028899 1.284132 2.296962 1.329307 1.304250 1.866112
 188.000000 1.149377 1.161622 0.966257 1.251315 2.196050 1.371716 1.133585 1.803816
 189.000000 1.127824 1.148681 1.195326 1.203738 2.092611 1.410049 1.257215 1.651308
 190.000000 1.094409 0.997305 1.264111 1.138827 2.094108 1.466835 1.357664 1.556228
 191.000000 1.137102 1.088064 1.183281 1.139225 2.054585 1.483196 1.253661 1.566189
 192.000000 1.186206 1.060995 1.324221 1.063717 1.966310 1.360332 1.227786 1.552504
 193.000000 1.209602 1.136422 0.989539 1.183698 2.213101 1.381700 1.078467 1.697368
 194.000000 1.153999 1.188804 1.185465 1.141937 2.038099 1.370669 1.217082 1.640761
 195.000000 1.201275 1.175945 1.112098 1.137611 2.031700 1.337143 1.146751 1.585869
 196.000000 1.160306 1.130283 1.059922 1.176195 2.076254 1.363470 1.100462 1.649917
 197.000000 1.199248 1.186090 1.063384 1.153344 2.148984 1.387352 1.212317 1.680510
 198.000000 1.190875 1.215061 0.945124 1.167951 2.190983 1.274059 1.218541 1.767509
 199.000000 1.198903 1.109195 1.058990 1.129209 2.099739 1.372555 1.148890 1.630192
 200.000000 1.158474 1.071866 1.088054 1.135295 2.001145 1.370675 1.154563 1.581373
 201.000000 1.199783 1.083396 1.236185 1.125356 2.020643 1.355654 1.196902 1.552166
 202.000000 1.087109 1.064442 1.135883 1.144791 2.007403 1.402940 1.111118 1.597732
 203.000000 1.197131 1.087407 1.130011 1.146896 2.080150 1.430585 1.149656 1.638827
 204.000000 1.140712 1.301006 1.123343 1.134341 2.080835 1.349368 1.184776 1.652724
 205.000000 1.135569 1.127506 1.147907 1.105692 2.037633 1.427834 1.209473 1.584288
 206.000000 1.109243 1.357878 1.145683 1.174848 2.134112 1.309891 1.339902 1.672253
 207.000000 1.162953 1.428825 0.999209 1.225910 2.222048 1.337271 1.105500 1.803299
 208.000000 1.238123 1.252965 0.908459 1.226610 2.212989 1.279175 1.013115 1.790871
 209.000000 1.185665 1.389340 0.995006 1.137959 2.109992 1.223179 1.210865 1.687635
 210.000000 1.259052 1.331530 1.030624 1.121872 2.115608 1.257075 1.163472 1.696805
 211.000000 1.188299 1.388361 0.982173 1.156636 2.133749 1.243240 1.199734 1.692973
 212.000000 1.165697 1.151374 1.163196 1.214303 2.015813 1.341740 1.187004 1.640868
 213.000000 1.164832 1.034513 1.147155 1.188975 2.073798 1.353539 1.171576 1.680734
 214.000000 1.114786 1.024078 1.273288 1.172096 2.044410 1.387568 1.234207 1.585044
 215.000000 1.192415 1.043449 1.087645 1.171381 2.012763 1.324979 1.180316 1.653636
 216.000000 1.132873 1.072260 1.175732 1.215168 2.073712 1.425153 1.198207 1.631834
 217.000000 1.131832 1.282683 1.003770 1.176134 2.149498 1.407453 1.256724 1.688541
 218.000000 1.180934 1.052898 1.047293 1.238954 2.158376 1.441171 1.099653 1.668584
 219.000000 1.206748 1.240821 0.995816 1.198696 2.200252 1.435158 1.107226 1.700488
 220.000000 1.190426 1.207799 1.027762 1.241440 2.084122 1.287891 1.136097 1.645089
 221.000000 1.169279 1.137034 1.062019 1.227510 2.057008 1.359680 1.127956 1.672843
 222.000000 1.278022 1.326575 1.053797 1.262244 2.154377 1.058962 1.169003 1.606300
 223.000000 1.184210 1.557112 0.978867 1.289359 2.184023 1.182663 1.119313 1.815460
 224.000000 1.206744 1.431843 1.077647 1.246926 2.069191 1.000212 1.169004 1.669133
 225.000000 1.097128 1.500289 1.037345 1.181858 2.118906 1.106060 1.263034 1.810488
 226.000000 1.141829 1.443100 1.026515 1.163578 2.145100 1.176887 1.235170 1.764742
 227.000000 1.179077 1.541887 0.822283 1.210106 2.254123 1.271278 1.123647 1.854858
 228.000000 1.208664 1.275251 0.959965 1.251473 2.096839 1.320026 1.086525 1.668354
 229.000000 1.127955 1.384863 0.960138 1.282477 2.131813 1.252877 1.103209 1.694544
 230.000000 1.231395 1.160694 1.037811 1.090254 2.044616 1.249731 1.300754 1.746715
 231.000000 1.207529 1.266931 0.924534 1.134653 2.173709 1.297121 1.246713 1.808662
 232.000000 1.253156 1.076269 1.058476 1.245608 2.084834 1.416874 1.120982 1.657920
 233.000000 1.246091 1.241534 1.007072 1.127669 2.086715 1.286346 1.239104 1.762772
 234.000000 1.221199 1.328258 1.016351 1.183896 2.130046 1.232510 1.259914 1.782585
 235.000000 1.233168 1.299126 1.014237 1.194651 2.162428 1.302435 1.177850 1.818131
 236.000000 1.203324 1.417953 0.938182 1.132778 2.174125 1.293172 1.209431 1.826814
 237.000000 1.200665 1.170584 0.954005 1.192692 2.261154 1.365841 1.208545 1.809050
 238.000000 1.287269 1.241565 1.019549 1.153182 2.157668 1.227623 1.163609 1.690321
 239.000000 1.240957 1.055591 1.128812 1.128447 2.015815 1.354162 1.215138 1.589100
 240.000000 1.202011 1.050818 1.224002 1.212103 2.105255 1.329127 1.204894 1.707364
 241.000000 1.223339 1.069139 1.214356 1.198109 2.035181 1.330483 1.161281 1.631789
 242.000000 1.231538 1.058738 1.119543 1.124400 2.002527 1.413234 1.169248 1.574280
 243.000000 1.234603 1.224165 1.138849 1.164689 2.067801 1.401834 1.306197 1.624935
 244.000000 1.260109 1.004942 1.087745 1.092597 2.086296 1.267709 1.263076 1.685414
 245.000000 1.169900 1.031138 1.170544 1.159850 1.933998 1.378769 1.248761 1.555001
 246.000000 1.215003 1.244391 1.143880 1.150653 2.040267 1.327639 1.215224 1.653253
 247.000000 1.257643 1.080651 1.161504 1.233440 2.090080 1.232819 1.138846 1.755843
 248.000000 1.248325 1.091834 1.168339 1.186878 2.120091 1.424693 1.160484 1.672012
 249.000000 1.199493 1.187382 1.229820 1.199584 2.046028 1.324907 1.218347 1.577569
 250.000000 1.212876 1.050541 1.207368 1.200874 2.051067 1.370807 1.183311 1.685238
 251.000000 1.141253 1.139419 1.115015 1.161958 1.981841 1.379375 1.215739 1.659727
 252.000000 1.182642 1.080079 1.070331 1.144261 2.059179 1.412194 1.191722 1.663386
 253.000000 1.252327 1.118538 1.129688 1.118150 2.050914 1.320630 1.169449 1.683085
 254.000000 1.112882 1.019379 1.135864 1.215201 2.063875 1.433129 1.183979 1.612150
 255.000000 1.130396 1.166422 1.091847 1.137003 2.062998 1.385317 1.174211 1.638604
 256.000000 1.168641 1.157298 1.033570 1.155734 2.041662 1.419449 1.188601 1.641986
 257.000000 1.186447 1.154488 1.065073 1.126108 2.032743 1.404749 1.198037 1.629299
 258.000000 1.086111 1.091280 0.948427 1.229284 2.161931 1.441918 1.076989 1.641502
 259.000000 1.125828 1.521672 0.991075 1.167184 2.177672 1.124333 1.204444 1.730737
 260.000000 1.174304 1.109671 1.082151 1.197008 2.081767 1.446935 1.133785 1.641738
 261.000000 1.152646 1.154823 1.105405 1.209672 2.074102 1.377826 1.158963 1.600423
 262.000000 1.108729 1.353950 1.035437 1.214071 2.175570 1.288907 1.157042 1.771702
 263.000000 1.176951 1.072658 0.993221 1.255740 2.281816 1.397556 1.058227 1.742579
 264.000000 1.131259 1.070205 1.041570 1.171072 2.119601 1.406156 1.223181 1.726005
 265.000000 1.161457 1.137319 0.972922 1.173775 2.088186 1.357070 1.166103 1.738800
 266.000000 1.101073 1.313118 0.922910 1.097159 2.100879 1.307233 1.140261 1.755154
 267.000000 1.221121 1.427160 0.927457 1.124864 2.162188 1.243404 1.161157 1.794289
 268.000000 1.206786 1.205762 1.001861 1.066940 2.079646 1.341484 1.121841 1.717429
 269.000000 1.161058 1.466722 0.953492 1.175675 2.128932 1.238564 1.202773 1.825827
 270.000000 1.111041 1.388310 1.029488 1.101607 2.065339 1.212875 1.217043 1.695746
 271.000000 1.139324 1.092968 1.199919 1.151877 1.996159 1.386484 1.167829 1.626788
 272.000000 1.125675 1.191964 1.133884 1.162785 2.010222 1.419549 1.156499 1.644615
 273.000000 1.171587 1.284144 1.168012 1.211238 2.119658 1.254329 1.095053 1.750379
 274.000000 1.027907 1.126663 1.173356 1.276121 2.124430 1.441830 1.202284 1.678072
 275.000000 1.126358 1.066854 1.158589 1.194621 2.129826 1.451802 1.242480 1.671638
 276.000000 1.093979 1.313777 1.043375 1.274683 2.230324 1.264207 1.100927 1.677357
 277.000000 1.125112 1.218643 0.919085 1.261885 2.240531 1.371383 1.059011 1.811378
 278.000000 1.166414 1.169448 0.949141 1.201713 2.138843 1.438063 1.091929 1.712699
 279.000000 1.150362 1.017981 1.099575 1.226884 2.049130 1.449086 1.173336 1.581769
 280.000000 1.126607 1.388055 1.048819 1.154640 2.070276 1.301337 1.262345 1.794519
 281.000000 1.140711 1.257760 0.999133 1.158531 2.166349 1.280713 1.229032 1.756397
 282.000000 1.125488 1.236575 0.981691 1.111963 2.197804 1.348044 1.223134 1.782456
 283.000000 1.159946 1.111564 0.869145 1.175815 2.158837 1.386571 1.092446 1.759153
 284.000000 1.091750 0.972929 1.038227 1.131138 2.135163 1.390241 1.235762 1.681862
 285.000000 1.131306 1.428032 0.965704 1.120595 2.103299 1.218667 1.251596 1.752777
 286.000000 1.169052 1.528702 0.878069 1.150538 2.218952 1.262174 1.181323 1.924445
 287.000000 1.171345 1.411344 0.911780 1.153267 2.138534 1.252056 1.101936 1.740136
 288.000000 1.081584 1.248926 0.947300 1.206231 2.109579 1.424239 1.137563 1.659927
 289.000000 1.077613 1.291342 0.903896 1.236515 2.231282 1.345113 1.167891 1.857653
 290.000000 1.105464 1.429648 1.049607 1.168622 2.124808 1.168863 1.222028 1.695819
 291.000000 1.142025 1.531874 0.943748 1.204162 2.206474 0.957121 1.192702 1.817666
 292.000000 1.194162 1.355438 1.082054 1.112952 2.062379 1.190814 1.168839 1.618566
 293.000000 1.165400 1.181157 0.975374 1.194136 2.062020 1.410076 1.082538 1.670711
 294.000000 1.159483 1.075307 1.061313 1.175158 2.071283 1.383927 1.074012 1.629142
 295.000000 1.149858 1.039100 1.106338 1.190475 2.039525 1.369306 1.124821 1.611613
 296.000000 1.163880 1.154757 1.100550 1.164719 2.096010 1.393517 1.249708 1.649362
 297.000000 1.117968 1.008810 1.127613 1.130200 2.054963 1.424667 1.127173 1.618599
 298.000000 1.136207 1.142074 1.106782 1.211113 2.075768 1.422500 1.226652 1.608759
 299.000000 1.168461 1.111647 1.063927 1.207994 2.103646 1.401052 1.098128 1.705076
 300.000000 1.076786 1.277597 1.112203 1.200874 2.096928 1.329319 1.172318 1.651503
 301.000000 1.174165 1.109620 1.236532 1.102147 2.012483 1.395171 1.280769 1.611755
 302.000000 1.113036 1.506735 0.852220 1.236940 2.229007 1.121809 1.119093 1.823189
 303.000000 1.139910 1.138374 1.135372 1.137586 2.020995 1.418161 1.165398 1.639604
 304.000000 1.180687 1.313097 1.027563 1.272998 2.273961 1.036765 1.255616 1.853240
 305.000000 1.192368 1.323629 0.947279 1.260292 2.273058 0.968270 1.173564 1.875242
 306.000000 1.174149 1.157633 0.832611 1.358000 2.327385 1.256765 1.142995 1.908023
 307.000000 1.112610 1.320767 1.088897 1.185993 2.135738 1.333186 1.252922 1.688242
 308.000000 1.132598 1.031088 1.194738 1.161778 2.079930 1.399023 1.225609 1.616100
 309.000000 1.136372 1.056834 1.284995 1.154058 2.001002 1.376781 1.236125 1.625332
 310.000000 1.161370 1.175425 1.191160 1.092197 2.002684 1.419702 1.248260 1.646008
 311.000000 1.073718 1.100107 1.115863 1.210191 2.144639 1.479872 1.184113 1.647624
 312.000000 1.181302 1.211362 1.167519 1.222253 2.136780 1.408341 1.217990 1.725522
 313.000000 1.137507 1.076376 1.269596 1.217515 2.093645 1.386999 1.075025 1.651885
 314.000000 1.085103 1.254277 1.312359 1.194716 2.087436 1.310366 1.311565 1.616165
 315.000000 1.203492 1.105320 1.170479 1.222529 2.130554 1.418308 1.169113 1.673937
 316.000000 1.180789 1.240884 1.129738 1.184119 2.125551 1.380141 1.144389 1.757203
 317.000000 1.122396 0.994435 1.266593 1.233255 2.116338 1.389004 1.232127 1.695069
 318.000000 1.184039 1.045144 1.273238 1.145221 2.120990 1.379954 1.230080 1.707801
 319.000000 1.189259 1.018058 1.307313 1.152879 2.090726 1.350390 1.211819 1.629610
 320.000000 1.161422 1.047843 1.260603 1.125850 2.056076 1.357691 1.325882 1.641464
 321.000000 1.146106 1.037319 1.187299 1.130243 2.064646 1.408011 1.243931 1.625211
 322.000000 1.091174 1.037799 1.144055 1.213054 2.022629 1.451534 1.134411 1.581565
 323.000000 1.108133 1.181807 1.118432 1.184422 2.124863 1.389488 1.262048 1.664632
 324.000000 1.133354 1.057285 1.066187 1.211823 2.142933 1.411268 1.172274 1.710844
 325.000000 1.096490 1.178522 1.172700 1.188243 2.041788 1.404877 1.219720 1.639321
 326.000000 1.078497 1.118032 1.216357 1.139434 2.005554 1.448103 1.264640 1.597581
 327.000000 1.161626 1.074849 1.180353 1.131875 2.048155 1.379934 1.177623 1.647595
 328.000000 1.121125 1.086934 0.891732 1.225508 2.213277 1.403570 1.113814 1.799243
 329.000000 1.129896 1.351343 0.974333 1.124388 2.124929 1.239391 1.204155 1.643156
 330.000000 1.144109 1.123307 0.989914 1.176519 2.016386 1.408438 1.096608 1.655363
 331.000000 1.157374 1.115205 0.949511 1.211047 2.166588 1.402480 1.176915 1.738681
 332.000000 1.152680 1.109113 1.074828 1.192976 2.139584 1.411230 1.174759 1.669364
 333.000000 1.073330 1.054155 1.103622 1.288595 2.058482 1.396296 1.125617 1.680687
 334.000000 1.163194 1.143013 1.128917 1.162106 2.047808 1.390893 1.182623 1.645659
 335.000000 1.090428 1.290607 1.137644 1.091667 2.052030 1.284491 1.272951 1.636151
 336.000000 1.166486 1.457269 1.046332 1.246257 2.287742 1.274277 1.316201 1.761196
 337.000000 1.091946 1.053121 1.174527 1.185019 2.012508 1.406646 1.246029 1.596369
 338.000000 1.146560 1.035604 1.246070 1.223533 2.061300 1.392778 1.265181 1.679566
 339.000000 1.153985 1.012238 1.258745 1.087179 1.954777 1.362221 1.242914 1.544319
 340.000000 1.152636 1.029759 1.080590 1.230710 2.152819 1.340338 1.011441 1.718084
 341.000000 1.209627 1.034817 1.199621 1.189253 2.145308 1.380322 1.258191 1.649793
 342.000000 1.154489 1.022383 1.166738 1.141762 2.051547 1.380419 1.184097 1.599466
 343.000000 1.125384 0.990589 1.272714 1.120695 1.981718 1.436606 1.289463 1.557774
 344.000000 1.189589 1.168143 1.237209 1.083492 2.029576 1.311135 1.272709 1.627814
 345.000000 1.124311 1.044705 1.224980 1.211258 2.101783 1.475346 1.291613 1.622026
 346.000000 1.167919 1.017247 1.240853 1.147006 2.016957 1.351941 1.216639 1.594882
 347.000000 1.147883 1.227561 1.255876 1.112658 2.005354 1.291135 1.304473 1.566045
 348.000000 1.195869 1.123220 1.125241 1.075578 2.013444 1.315254 1.209528 1.614669
 349.000000 1.185565 1.050467 1.152553 1.111620 2.033218 1.360754 1.212444 1.590742
 350.000000 1.130093 1.007419 1.160499 1.127726 2.044644 1.450679 1.207850 1.570684
 351.000000 1.148829 1.051030 1.130831 1.193882 2.047068 1.341652 1.154202 1.637389
 352.000000 1.184376 1.593852 0.877346 1.199495 2.304569 1.162261 1.097064 1.904933
 353.000000 1.089518 1.382078 1.112698 1.184164 2.192401 1.187779 1.335135 1.715900
 354.000000 1.122974 1.592855 0.914926 1.173425 2.416505 1.159514 1.203482 1.944980
 355.000000 1.106680 1.329839 1.032515 1.190853 2.312458 1.399265 1.217369 1.966507
 356.000000 1.091561 1.537381 0.939969 1.246314 2.273343 1.312712 1.117169 1.843910
 357.000000 1.182325 1.420456 0.877973 1.224635 2.232230 1.334321 1.050200 1.821739
 358.000000 1.132531 1.330144 0.942359 1.179418 2.304782 1.295718 1.171162 1.835979
 359.000000 1.187889 1.594555 0.813635 1.224530 2.347068 1.208070 1.041869 1.843277
 360.000000 1.194796 1.371747 0.837234 1.211275 2.296367 1.262490 1.024366 1.866244
 361.000000 1.149849 1.454741 0.913892 1.154241 2.129205 1.224219 1.125322 1.733873
 362.000000 1.161235 1.366409 0.887300 1.163133 2.252347 1.311216 1.171990 1.767315
 363.000000 1.100194 1.353204 0.759575 1.221421 2.320561 1.229073 1.098591 1.880169
 364.000000 1.135892 1.365836 0.924360 1.219790 2.166034 1.258428 1.036657 1.788660
 365.000000 1.113695 1.329937 0.940828 1.125548 2.093096 1.241350 1.156129 1.692422
 366.000000 1.172906 1.004822 1.164868 1.047615 1.972483 1.374809 1.214115 1.529742
 367.000000 1.176906 1.149404 1.009782 1.114549 2.066143 1.393639 1.138189 1.612793
 368.000000 1.181168 1.140067 1.065075 1.140057 2.066298 1.392010 1.240032 1.593724
 369.000000 1.124867 0.973968 1.117493 1.253994 2.088780 1.322243 1.158281 1.637030
 370.000000 1.219827 1.144347 1.131578 1.155984 2.061546 1.303240 1.143399 1.641623
 371.000000 1.173511 1.003305 1.174803 1.126281 2.014047 1.350372 1.222648 1.574490
 372.000000 1.157904 1.018739 1.163293 1.178292 2.119598 1.421091 1.236781 1.637525
 373.000000 1.104215 1.122801 1.230220 1.145858 2.032147 1.383727 1.270500 1.585788
 374.000000 1.100041 0.930247 1.208661 1.181767 2.062214 1.400333 1.269607 1.631286
 375.000000 1.173384 1.115356 1.012353 1.220926 2.238161 1.367905 1.221834 1.795052
 376.000000 1.197552 1.083429 1.158973 1.121387 1.961572 1.295773 1.177989 1.656421
 377.000000 1.180751 1.105255 1.043612 1.230812 2.036598 1.226121 1.075686 1.757489
 378.000000 1.129693 1.055840 1.064810 1.150964 2.052151 1.376568 1.154457 1.653164
 379.000000 1.063312 1.205192 1.051706 1.124661 2.024074 1.253099 1.226714 1.746613
 380.000000 1.120362 1.082939 1.130108 1.243809 2.062848 1.378990 1.209038 1.746445
 381.000000 1.084387 1.292455 1.156851 1.131669 2.057584 1.318118 1.317960 1.729234
 382.000000 1.200926 1.092220 1.019815 1.161277 2.253079 1.199218 1.120551 1.824934
 383.000000 1.101463 1.292213 1.042522 1.162262 2.101791 1.317312 1.253757 1.768485
 384.000000 1.111009 1.175538 1.109240 1.119080 2.059618 1.305814 1.266385 1.691669
 385.000000 1.106184 1.157512 1.172204 1.151304 2.072087 1.239331 1.229486 1.743794
 386.000000 1.203645 1.004531 1.062438 1.238101 2.081597 1.304861 1.130250 1.718270
 387.000000 1.132770 1.017693 1.186773 1.170495 2.025902 1.417110 1.162835 1.609690
 388.000000 1.177806 1.053297 1.182568 1.190687 2.129035 1.384208 1.185589 1.665848
 389.000000 1.106073 0.913578 1.270380 1.122879 2.004515 1.370431 1.296264 1.559243
 390.000000 1.115941 0.959627 1.102447 1.174711 2.079967 1.342372 1.116770 1.669642
 391.000000 1.099841 1.117055 1.215456 1.066330 2.006256 1.386109 1.326363 1.566735
 392.000000 1.259844 1.149214 1.156556 1.224659 2.182151 1.360192 1.140191 1.707648
 393.000000 1.175347 1.169375 1.184945 1.106020 2.026275 1.370834 1.283866 1.601753
 394.000000 1.144478 1.094470 1.296604 1.105764 2.014361 1.375437 1.370497 1.554909
 395.000000 1.130184 1.086404 1.187028 1.144553 2.140899 1.390334 1.248335 1.631305
 396.000000 1.081402 1.161527 1.205010 1.143241 2.069374 1.437196 1.255279 1.626446
 397.000000 1.212509 1.031048 1.200987 1.026669 2.020255 1.412038 1.297941 1.543538
 398.000000 1.115061 0.966389 1.231206 1.115262 1.944963 1.496777 1.233802 1.496433
 399.000000 1.220468 1.083552 1.150835 1.052792 2.001643 1.365746 1.202575 1.587160
 400.000000 1.142215 1.121685 0.984686 1.184303 2.188612 1.452558 1.147173 1.690293
 401.000000 1.172963 1.101707 1.080561 1.116264 2.061270 1.408310 1.157121 1.608203
 402.000000 1.165602 1.058755 1.085758 1.133412 2.115692 1.352213 1.164751 1.669543
 403.000000 1.128944 1.074244 1.158929 1.133060 2.006365 1.385603 1.240631 1.598564
 404.000000 1.218025 1.145191 1.061762 1.096738 2.108988 1.354789 1.109287 1.669762
 405.000000 1.177413 1.108670 1.075225 1.094033 2.054124 1.384751 1.187724 1.625723
 406.000000 1.236861 1.137669 1.057061 1.126732 2.113043 1.384249 1.104166 1.687179
 407.000000 1.191034 1.119217 1.109866 1.161699 2.074857 1.356906 1.085072 1.667516
 408.000000 1.108303 1.027657 1.059644 1.208202 2.139037 1.242455 1.089665 1.780394
 409.000000 1.150743 1.022705 1.177083 1.220811 2.153683 1.344034 1.209940 1.758320
 410.000000 1.095280 1.145766 1.400052 1.078249 2.033666 1.355891 1.406557 1.593700
 411.000000 1.125395 1.003108 1.309353 1.191901 2.073038 1.444808 1.268906 1.636755
 412.000000 1.159958 1.126661 1.167594 1.147373 2.087579 1.388652 1.150037 1.691714
 413.000000 1.150943 1.092818 1.230041 1.086481 1.986872 1.397408 1.229852 1.608273
 414.000000 1.105089 1.029082 1.106523 1.192539 2.163704 1.423000 1.326099 1.688900
 415.000000 1.137353 1.033471 1.313888 1.083536 2.061621 1.397481 1.341479 1.577399
 416.000000 1.133392 1.161755 1.085949 1.090294 2.072785 1.291115 1.298897 1.731519
 417.000000 1.112673 1.269460 0.927818 1.172611 2.277269 1.272837 1.203307 1.853646
 418.000000 1.069341 1.305094 0.942729 1.202002 2.214682 1.372046 1.166408 1.872539
 419.000000 1.020409 1.327105 1.153838 1.142989 2.008172 1.321486 1.364604 1.607486
 420.000000 0.930861 1.431830 1.108127 1.235316 2.111046 1.198613 1.401984 1.668806
 421.000000 0.789911 1.371618 1.208854 1.364734 2.040272 1.270629 1.546024 1.700697
 422.000000 0.863037 1.272912 1.346232 1.443240 2.111658 1.091231 1.501149 1.616173
 423.000000 0.948830 1.416267 1.248488 1.246471 1.996941 1.037206 1.491127 1.640186
 424.000000 0.996423 1.472694 1.144506 1.306457 2.132081 1.005475 1.375181 1.712969
 425.000000 0.929345 1.305389 1.241722 1.338515 2.056935 1.049607 1.331600 1.547574
 426.000000 0.888645 1.300469 1.202966 1.334933 2.072327 0.996307 1.432504 1.549098
 427.000000 0.823473 1.367042 1.127390 1.343331 2.102727 1.056155 1.394893 1.599528
 428.000000 0.809621 1.082369 1.248590 1.310130 1.941602 1.047819 1.341586 1.503811
 429.000000 0.962502 1.257174 1.117174 1.385707 2.073592 1.034617 1.199706 1.543883
 430.000000 0.949161 1.089476 1.094807 1.456204 2.195207 1.214265 1.229520 1.664289
 431.000000 1.189081 1.208717 1.101150 1.375009 2.196365 1.079462 1.311537 1.666325
 432.000000 1.043718 1.311551 1.126166 1.398158 2.275874 0.990094 1.307515 1.743879
 433.000000 1.008780 1.406112 1.051394 1.377910 2.256698 1.032365 1.345893 1.746011
 434.000000 1.044440 1.203660 1.151627 1.397494 2.100040 1.012535 1.341543 1.577732
 435.000000 0.963768 1.267645 1.172973 1.376517 2.125234 1.025152 1.352542 1.625234
 436.000000 0.798479 1.118593 1.189811 1.547219 2.034269 1.138650 1.323925 1.528893
 437.000000 0.810997 1.157514 1.263337 1.455817 1.955883 1.032886 1.374317 1.488391
 438.000000 0.862004 1.257957 1.360871 1.289289 1.990637 1.021054 1.422032 1.538441
 439.000000 1.008560 1.339715 1.274029 1.347752 2.072920 1.019029 1.369249 1.612563
 440.000000 1.082454 1.363585 1.264695 1.439288 2.193665 0.962475 1.258089 1.659793
 441.000000 0.944129 1.272686 1.257229 1.443016 2.177359 1.037712 1.357855 1.641786
 442.000000 0.907534 1.231706 1.048927 1.402419 2.208670 1.023359 1.247584 1.819163
 443.000000 1.041065 1.355728 1.076369 1.346006 2.189667 0.951552 1.355972 1.737532
 444.000000 0.896509 1.178769 1.177626 1.401790 2.029632 1.096080 1.331961 1.526481
 445.000000 0.988847 1.305469 1.094681 1.388136 2.097352 0.991584 1.259764 1.636169
 446.000000 0.799682 1.316392 1.189658 1.305306 2.039494 0.966662 1.519964 1.620218
 447.000000 0.792938 1.141026 1.181589 1.454783 2.066342 1.108734 1.412879 1.522155
 448.000000 0.881386 1.256945 1.277586 1.279646 1.998465 1.001692 1.487289 1.588688
 449.000000 0.906169 1.410555 1.139696 1.414375 2.170446 1.028970 1.306855 1.688884
 450.000000 0.836921 1.278467 1.262778 1.282668 1.959821 1.069266 1.454970 1.505225
 451.000000 0.965985 1.275887 1.159627 1.254762 2.051448 1.182388 1.322744 1.570679
 452.000000 0.901681 1.337993 1.129345 1.301719 1.997778 0.985173 1.302498 1.576261
 453.000000 1.058152 1.009771 0.888410 1.426029 2.155538 1.247703 1.096084 1.744622
 454.000000 0.910599 1.279617 1.182282 1.366022 2.031782 1.025849 1.282667 1.557340
 455.000000 0.914319 1.261659 1.093350 1.359224 2.217095 0.992090 1.256080 1.673097
 456.000000 0.919406 1.324768 1.198907 1.254921 2.029974 0.985675 1.381022 1.570446
 457.000000 0.889177 1.373935 1.195302 1.271738 2.002631 1.033957 1.383195 1.592087
 458.000000 0.937615 1.228074 1.037047 1.333262 2.201310 1.036113 1.376092 1.739065
 459.000000 0.852937 1.247428 1.263028 1.342227 2.035760 1.034444 1.397948 1.496443
 460.000000 0.989095 1.370387 1.193116 1.255592 2.065327 0.951572 1.471207 1.623281
 461.000000 0.963532 1.282094 1.179937 1.351153 2.029307 0.973011 1.348052 1.602250
 462.000000 0.926812 1.346188 1.238485 1.345931 1.994306 0.994834 1.345488 1.599963
 463.000000 0.976573 1.282399 1.243674 1.334820 2.057782 0.992848 1.401363 1.563999
 464.000000 0.874126 1.305101 1.255177 1.372025 2.055666 1.024011 1.392820 1.565404
 465.000000 0.803622 1.356800 1.222527 1.462657 2.127888 1.205136 1.491237 1.721295
 466.000000 0.877151 1.317492 1.186531 1.270443 2.052910 1.194098 1.418039 1.669357
 467.000000 0.870698 1.342355 1.238022 1.386757 2.049918 1.182567 1.445228 1.687662
 468.000000 0.902608 1.217671 1.149401 1.464138 2.053451 1.083214 1.268585 1.601670
 469.000000 0.757447 1.249945 1.202867 1.490007 2.058428 1.039703 1.281912 1.675665
 470.000000 0.870969 1.070864 1.007957 1.620693 2.280907 1.302729 1.344171 1.761001
 471.000000 0.833872 1.018349 1.101176 1.555376 2.130732 1.304718 1.375441 1.613291
 472.000000 0.810726 1.158955 1.217707 1.646509 2.138095 1.259020 1.434193 1.627330
 473.000000 0.844411 1.179394 1.105914 1.452997 2.098606 1.097621 1.362997 1.681644
 474.000000 0.865391 1.222740 1.231305 1.581701 2.129539 1.205625 1.346895 1.665598
 475.000000 0.888370 1.199022 1.204346 1.500106 2.086647 1.134907 1.383012 1.617987
 476.000000 0.847573 1.184231 1.156618 1.581058 2.109477 1.239741 1.490308 1.658150
 477.000000 0.873955 1.325415 1.098927 1.383052 2.096985 1.291025 1.333892 1.667047
 478.000000 0.845361 1.318163 1.288912 1.498274 2.099682 1.189900 1.406003 1.627317
 479.000000 1.116249 1.283633 1.024853 1.380172 2.228736 1.037460 1.295246 1.683759
 480.000000 0.969727 1.287719 1.104459 1.360508 2.014735 0.963984 1.273986 1.596517
 481.000000 1.028663 1.363254 1.067823 1.317266 2.170354 0.973597 1.319051 1.679411
 482.000000 1.033265 1.338580 1.102636 1.329110 2.128764 0.949171 1.439486 1.628738
 483.000000 1.287977 1.335233 1.045165 1.424578 2.375698 1.032086 1.054927 1.806151
 484.000000 1.179807 1.249756 1.188218 1.445805 2.331752 1.030084 1.198233 1.805721
 485.000000 1.116295 1.248142 1.138393 1.492481 2.237484 1.095791 1.080393 1.752082
 486.000000 1.173510 1.250128 1.103160 1.431650 2.270516 1.128858 1.104246 1.813468
 487.000000 1.325139 1.287971 1.033147 1.451262 2.397011 1.177987 1.054248 1.825074
 488.000000 1.022386 1.326195 1.163280 1.385228 2.158900 1.071591 1.260600 1.640549
 489.000000 1.052668 1.388600 1.084165 1.337962 2.178995 0.994153 1.278561 1.684426
 490.000000 1.004567 1.417848 1.082444 1.366237 2.153397 1.041419 1.346428 1.670752
 491.000000 0.908886 1.413369 1.109578 1.200469 2.044524 1.040848 1.404240 1.627425
 492.000000 0.887227 1.373571 0.963728 1.257400 2.094228 1.167336 1.298939 1.777460
 493.000000 0.846759 1.349661 1.021318 1.299638 2.062500 1.175792 1.361789 1.698288
 494.000000 0.996455 1.289330 0.920125 1.212305 2.171754 1.219464 1.188679 1.772697
 495.000000 0.956768 1.162014 0.946599 1.259163 2.192304 1.255714 1.228235 1.765615
 496.000000 1.045959 1.356650 0.977995 1.390437 2.145632 1.003077 1.186615 1.645772
 497.000000 1.022743 1.367809 1.003906 1.517668 2.307643 1.034988 1.136450 1.784151
 498.000000 0.808365 1.329013 1.167816 1.358185 2.002025 0.973804 1.441875 1.658257
 499.000000 0.894438 1.411034 1.240736 1.347894 1.994798 0.973485 1.372769 1.653699
 500.000000 0.789257 1.246468 1.271356 1.512318 2.022444 1.138876 1.490313 1.577102
 501.000000 0.882812 1.235682 1.236701 1.432678 2.010497 1.035999 1.442601 1.540828
 502.000000 0.864026 1.326411 1.164382 1.396431 2.043400 0.981526 1.391192 1.630503
 503.000000 0.747442 1.267306 1.143364 1.445342 1.992695 1.055881 1.412029 1.601735
 504.000000 1.000322 1.331449 1.048518 1.480396 2.258740 1.050446 1.312753 1.726607
 505.000000 1.026833 1.432358 1.099166 1.157817 2.143359 1.124586 1.365405 1.767022
 506.000000 1.101972 1.162472 1.035487 1.364047 2.218741 1.304646 1.084545 1.787003
 507.000000 1.074744 1.322386 1.036826 1.318922 2.110700 1.226650 1.077181 1.735207
 508.000000 1.110912 1.387153 0.974929 1.279705 2.274799 1.289951 1.020795 1.796194
 509.000000 1.085588 1.369239 1.009682 1.224674 2.154099 1.234090 1.177433 1.732160
 510.000000 1.053066 1.354923 0.954997 1.455984 2.295300 1.120084 1.223867 1.930286
 511.000000 1.013338 1.383359 0.848628 1.595016 2.369724 1.022018 0.993634 1.987237
 512.000000 0.997131 1.475564 0.843119 1.672943 2.422257 1.022580 1.096542 2.092898
 513.000000 1.002146 1.413286 0.788897 1.600404 2.346832 1.023169 0.962818 2.049268
 514.000000 1.011645 1.291869 0.894899 1.659469 2.348503 1.088342 1.014774 1.959433
 515.000000 0.958447 1.494758 0.853115 1.669574 2.369330 0.959063 1.049416 2.024576
 516.000000 1.018074 1.452148 0.868309 1.532399 2.277867 0.986920 1.039660 1.971343
 517.000000 1.035553 1.445868 0.827276 1.690739 2.426942 1.078175 0.976264 2.107733
 518.000000 1.095508 1.405038 0.967440 1.252813 2.270212 1.107320 1.130006 1.835114
 519.000000 1.125931 1.182865 0.889625 1.264186 2.285952 1.245278 1.058755 1.851203
 520.000000 0.894080 1.279601 1.229583 1.379447 2.063455 1.291803 1.309194 1.648782
 521.000000 0.929209 1.392742 1.263703 1.395612 2.089139 1.001158 1.316684 1.665580
 522.000000 0.833709 1.345204 1.244046 1.358890 2.003190 1.037098 1.419503 1.606998
 523.000000 0.918484 1.331077 1.273366 1.332864 2.040708 1.060044 1.422659 1.565634
 524.000000 0.919860 1.405489 1.166296 1.342756 2.018675 0.953504 1.359875 1.628637
 525.000000 0.999711 1.380508 1.171998 1.349531 2.061803 1.068520 1.366250 1.621018
 526.000000 1.111580 1.255508 1.301889 1.379968 2.182479 1.125358 1.369147 1.614316
 527.000000 0.911803 1.360512 1.233503 1.463378 2.216702 1.003267 1.445772 1.767043
 528.000000 0.864849 1.188440 1.291455 1.373634 1.985498 1.033120 1.461299 1.573568
 529.000000 0.903366 1.382173 1.246777 1.331684 1.968314 1.089197 1.526021 1.608045
 530.000000 0.930872 1.329021 1.298407 1.434690 2.030948 1.017899 1.394072 1.612428
 531.000000 0.801749 1.282829 1.294474 1.452924 1.969091 1.069810 1.424874 1.570276
 532.000000 0.887598 1.415769 1.322745 1.357575 2.053664 1.035427 1.457859 1.668480
 533.000000 0.944056 1.461251 1.230643 1.242099 2.024145 0.966516 1.531374 1.681614
 534.000000 1.045146 1.359742 1.039509 1.422484 2.157427 1.035580 1.240929 1.721072
 535.000000 0.912730 1.358984 1.239426 1.332708 2.040523 0.991392 1.417855 1.634398
 536.000000 0.947632 1.438724 1.151872 1.375379 2.084670 0.971146 1.390410 1.727432
 537.000000 1.047175 1.295101 1.072782 1.468592 2.209510 1.043120 1.174809 1.705066
 538.000000 1.056264 1.307171 1.207559 1.406275 2.136131 0.967263 1.367323 1.669371
 539.000000 1.046887 1.441591 1.116071 1.200394 2.094333 0.977670 1.388476 1.685449
 540.000000 1.105027 1.504916 1.063734 1.373849 2.232087 1.021441 1.297450 1.892664
 541.000000 1.030034 1.395326 1.067853 1.399078 2.253806 1.020835 1.269255 1.809763
 542.000000 1.012159 1.448167 1.106247 1.354069 2.213827 0.985104 1.380823 1.816455
 543.000000 0.977389 1.468719 1.163871 1.313171 2.097757 1.073445 1.388443 1.723511
 544.000000 0.962791 1.440126 1.088506 1.282364 2.107259 0.998037 1.375997 1.710778
 545.000000 1.022084 1.329711 1.267178 1.323609 2.029974 0.991707 1.401355 1.567732
 546.000000 1.124091 1.358438 1.113302 1.341427 2.293628 1.012135 1.413362 1.775474
 547.000000 1.046612 1.389820 1.072120 1.408698 2.287842 1.017290 1.256176 1.827627
 548.000000 1.311995 1.344267 1.170829 1.427548 2.345368 1.008904 1.255444 1.765666
 549.000000 0.980289 1.342481 1.344983 1.293644 1.965865 0.969213 1.489532 1.606506
 550.000000 0.946845 1.405932 1.273939 1.356197 2.030850 1.101505 1.526480 1.623680
 551.000000 1.049199 1.299334 1.172876 1.380567 2.216170 0.969693 1.419582 1.684473
 552.000000 1.083436 1.319015 1.290200 1.393554 2.123370 1.001466 1.411036 1.626229
 553.000000 1.056704 1.287194 1.271525 1.409873 2.114793 1.058515 1.348417 1.615934
 554.000000 0.928038 1.321093 1.276237 1.439947 2.060568 0.964148 1.411930 1.663122
 555.000000 1.252678 1.216294 1.135051 1.454932 2.368233 1.159590 1.121052 1.779252
 556.000000 1.309940 1.330986 1.169378 1.417381 2.334551 1.126379 1.212988 1.737505
 557.000000 1.035253 1.291367 1.197161 1.356402 2.133393 1.034324 1.403588 1.659649
 558.000000 0.847615 1.348025 1.273593 1.366645 1.990599 1.063830 1.481307 1.608896
 559.000000 0.842609 1.188214 1.272892 1.584937 2.029593 1.213996 1.541642 1.567325
 560.000000 0.922266 1.158384 1.037972 1.561446 2.200381 1.190429 1.304553 1.691920
 561.000000 0.764687 1.165829 1.198985 1.664657 2.121465 1.212590 1.492349 1.667288
 562.000000 0.790980 1.051711 1.243730 1.483758 1.982337 1.165836 1.366937 1.581942
 563.000000 0.830014 1.111702 1.097205 1.359419 2.124065 1.078479 1.394978 1.660018
 564.000000 0.905410 1.156784 1.053263 1.504290 2.289691 1.163332 1.326230 1.803523
 565.000000 0.916540 1.203716 1.160158 1.285209 1.983227 1.255005 1.327186 1.579745
 566.000000 0.918647 1.265671 1.079919 1.283593 2.053131 1.157166 1.346115 1.672986
 567.000000 0.978490 1.167721 1.091294 1.267979 2.076612 1.255141 1.295831 1.642115
 568.000000 0.942162 1.275064 1.167912 1.285646 2.081347 1.222481 1.246841 1.663026
 569.000000 0.991429 1.282026 1.038829 1.294895 2.108629 1.181296 1.274666 1.732879
 570.000000 0.878204 1.267736 1.038168 1.353675 2.048853 1.141223 1.210916 1.716296
 571.000000 0.914775 1.404773 1.141397 1.308096 2.034672 1.086863 1.354565 1.704882
 572.000000 0.862481 1.314391 1.317610 1.284536 2.028201 1.071613 1.510727 1.511360
 573.000000 0.871324 1.193144 1.343772 1.326653 1.981141 1.165244 1.524444 1.499051
 574.000000 0.832854 1.207280 1.338293 1.383070 1.993922 1.079412 1.506818 1.509104
 575.000000 1.043421 1.322235 1.042713 1.381980 2.296545 1.018963 1.459949 1.807702
 576.000000 1.053331 1.300133 1.216990 1.219366 2.077736 1.243662 1.270422 1.654043
 577.000000 1.113350 1.170357 1.121957 1.363732 2.116898 1.208600 1.005378 1.808902
 578.000000 1.075845 0.997512 1.294423 1.162703 1.960862 1.405684 1.335060 1.668390
 579.000000 1.132179 1.028917 1.239799 1.162962 2.077151 1.407739 1.329898 1.682456
 580.000000 0.963796 0.945016 1.254670 1.212152 2.058745 1.493840 1.440578 1.705115
 581.000000 1.175087 0.980056 1.258195 1.055772 2.015503 1.367530 1.349134 1.630531
 582.000000 1.089880 1.084948 1.047816 1.119038 2.031904 1.505975 1.239475 1.585456
 583.000000 1.147077 0.985264 1.077724 1.124744 2.104670 1.405658 1.268901 1.705421
 584.000000 0.924998 1.257466 1.010269 1.296940 2.046171 1.191239 1.307971 1.641498
 585.000000 0.982464 1.327872 1.047789 1.276631 2.061944 1.169169 1.313814 1.768733
 586.000000 1.029509 1.374640 1.232929 1.187068 1.972026 1.066670 1.424226 1.617382
 587.000000 1.021738 1.544951 0.941079 1.230071 2.189905 1.198684 1.301497 1.791504
 588.000000 0.890699 1.488893 1.035768 1.336448 2.244854 1.056577 1.409030 1.852780
 589.000000 1.063390 1.361844 1.095565 1.243425 2.147545 1.412150 1.161281 1.830470
 590.000000 1.098925 1.202111 1.166145 1.206379 2.076531 1.432619 1.231453 1.574761
 591.000000 1.129093 1.012679 1.121469 1.283803 2.097038 1.399435 1.201620 1.640787
 592.000000 1.236279 1.126432 1.009717 1.118621 2.089262 1.353910 1.157445 1.651383
 593.000000 1.090313 1.166032 0.914609 1.211550 2.216944 1.335574 1.178333 1.809718
 594.000000 1.177170 1.205257 1.008531 1.181647 2.237068 1.271648 1.241250 1.760346
 595.000000 0.951493 1.407086 1.192888 1.232080 2.027908 1.131062 1.427335 1.651692
 596.000000 1.214385 1.220206 1.102516 1.245132 2.155890 1.362842 1.218873 1.714369
 597.000000 1.125073 1.367401 1.010088 1.100094 2.104659 1.198968 1.213959 1.748999
 598.000000 1.249694 1.230798 1.125505 1.254083 2.104332 1.175625 1.162939 1.612762
 599.000000 1.259382 1.059307 1.153386 1.108504 2.078906 1.369187 1.204245 1.683013
 600.000000 1.207824 1.063605 1.090847 1.158431 2.043339 1.296780 1.098306 1.743007
 601.000000 1.188726 1.163617 0.952597 1.218137 2.123744 1.299424 1.140301 1.766120
 602.000000 1.163352 1.459572 1.013288 1.139604 2.197689 1.187794 1.189330 1.840555
 603.000000 1.127796 1.075106 1.139451 1.127210 2.060742 1.386993 1.142383 1.589824
 604.000000 1.150342 1.068420 1.121589 1.145920 2.051152 1.467429 1.191475 1.602016
 605.000000 1.206207 1.055115 1.059775 1.219438 2.041968 1.405320 1.090814 1.592622
 606.000000 1.155887 1.161147 1.065180 1.262148 2.114530 1.379589 1.111353 1.701952
 607.000000 1.113185 1.146055 1.085725 1.178084 2.077861 1.416010 1.196906 1.658037
 608.000000 1.207898 1.010208 1.040368 1.262066 2.120108 1.259451 1.069840 1.766962
 609.000000 1.169993 1.201710 1.096318 1.110324 2.020423 1.280768 1.179573 1.617418
 610.000000 1.197075 1.020689 1.066515 1.243874 2.109998 1.349423 1.126469 1.725036
 611.000000 1.166216 1.101086 1.205024 1.081200 1.986437 1.365961 1.234462 1.543674
 612.000000 1.183054 1.004104 1.100245 1.107077 2.021702 1.385637 1.129503 1.538425
 613.000000 1.203214 1.224046 1.104387 1.127847 2.088426 1.330187 1.134867 1.615882
 614.000000 1.182091 1.132098 1.088818 1.169691 2.023429 1.357100 1.141169 1.685593
 615.000000 1.132951 1.041539 1.151677 1.118667 1.990824 1.451918 1.190807 1.616400
 616.000000 1.111944 1.107969 1.173999 1.141231 2.049594 1.441471 1.260346 1.570802
 617.000000 1.218830 0.995042 1.282917 1.078722 1.956516 1.406753 1.315201 1.506781
 618.000000 1.195246 1.078348 1.149185 1.140760 2.032291 1.435356 1.227430 1.634395
 619.000000 1.132306 1.047962 1.144613 1.119061 2.027918 1.476359 1.285216 1.553774
 620.000000 1.168457 1.106574 1.295010 1.133008 1.982383 1.410349 1.315609 1.569515
 621.000000 1.178067 1.005265 1.369524 1.133794 2.044022 1.365983 1.319811 1.616754
 622.000000 1.232170 1.019861 1.100770 1.208362 2.093265 1.290483 1.058454 1.732653
 623.000000 1.172820 0.897919 1.199551 1.126036 1.950580 1.388160 1.154644 1.538106
 624.000000 1.268883 1.105786 1.186396 1.124406 2.003321 1.264110 1.242198 1.688022
 625.000000 1.249114 1.060233 1.069733 1.170513 2.067697 1.360403 1.134200 1.672601
 626.000000 1.238535 1.029309 1.203283 1.065917 1.974801 1.408204 1.254248 1.576108
 627.000000 1.240238 1.035763 1.118142 1.159867 2.018884 1.381778 1.198102 1.568337
 628.000000 1.250842 1.038498 1.157826 1.187074 2.035944 1.364917 1.213005 1.694767
 629.000000 1.261617 1.041641 1.102970 1.140979 2.056143 1.336654 1.125283 1.714538
 630.000000 1.217709 1.260697 1.103181 1.136664 2.034092 1.315938 1.233272 1.620625
 631.000000 1.160540 1.307765 1.222715 1.096068 1.936374 1.229631 1.218942 1.616623
 632.000000 1.263384 1.297972 1.087118 1.124630 2.085099 1.261316 1.130641 1.625804
 633.000000 1.304623 1.213300 1.061818 1.094125 2.038590 1.220881 1.078181 1.620028
 634.000000 1.324592 1.202741 1.030149 1.087896 1.993237 1.243303 0.979459 1.621681
 635.000000 1.241708 1.253812 0.990884 1.140638 1.988791 1.308514 1.068678 1.706874
 636.000000 1.191707 1.255596 1.014262 1.093994 2.030967 1.277024 1.132974 1.590296
 637.000000 1.212346 1.261017 1.090701 1.083511 1.987605 1.247340 1.211955 1.606308
 638.000000 1.239636 1.273413 1.006461 1.141260 1.995443 1.300874 1.069518 1.678664
 639.000000 1.180853 1.336224 0.978643 1.166633 2.146038 1.351742 1.177729 1.679129
 640.000000 1.205113 1.061532 1.058631 1.164002 2.031077 1.330911 1.103488 1.609702
 641.000000 1.267231 1.115230 1.199734 1.093898 1.973518 1.379678 1.195136 1.621289
 642.000000 1.285347 1.044313 1.071256 1.090986 1.954764 1.413266 1.190344 1.579855
 643.000000 1.205432 1.027195 1.137990 1.068855 1.974505 1.382527 1.215982 1.536187
 644.000000 1.260303 1.036350 1.042976 1.160887 2.083340 1.357392 1.065852 1.675964
 645.000000 1.160952 0.988932 1.030820 1.225183 2.029554 1.408039 1.074996 1.656005
 646.000000 1.209854 0.939426 1.055445 1.108566 1.993746 1.391433 1.154212 1.570778
 647.000000 1.232704 1.121174 1.097333 1.122096 2.020824 1.399077 1.181315 1.591353
 648.000000 1.173580 1.155033 1.127726 1.104159 2.019003 1.374167 1.217906 1.594913
 649.000000 1.254049 1.027591 1.055919 1.135520 2.138827 1.354844 1.109678 1.655679
 650.000000 1.260058 1.091727 0.972841 1.283746 2.126713 1.239215 1.028713 1.794458
 651.000000 1.221205 1.057750 1.103011 1.165454 2.026508 1.277232 1.122655 1.694295
 652.000000 1.155082 1.167196 1.231417 1.134151 2.050866 1.356161 1.205667 1.613611
 653.000000 1.230790 1.050766 1.262817 1.111681 2.060420 1.377513 1.215625 1.645812
 654.000000 1.097013 1.070168 1.333156 1.088589 1.925904 1.386841 1.296926 1.537742
 655.000000 1.208934 1.047810 1.270858 1.152982 2.003250 1.349328 1.207703 1.589201
 656.000000 1.143775 1.121381 1.230303 1.124262 1.954408 1.289050 1.139547 1.584535
 657.000000 1.063389 1.082735 1.380628 1.160726 2.028912 1.496824 1.348826 1.544696
 658.000000 1.079069 1.107700 1.283862 1.147304 2.036034 1.427852 1.253573 1.624253
 659.000000 1.174163 1.000032 1.212365 1.149792 2.053116 1.332676 1.181865 1.712493
 660.000000 1.174016 1.048510 1.254382 1.153116 2.011897 1.367959 1.199224 1.618792
 661.000000 1.146064 1.021373 1.204011 1.089581 2.055265 1.351230 1.272543 1.677302
 662.000000 1.108205 0.977137 1.244800 1.161918 2.034264 1.302664 1.194967 1.652143
 663.000000 1.144881 1.010848 1.302139 1.197491 2.040055 1.372172 1.224537 1.639040
 664.000000 1.177485 0.957902 1.137514 1.224994 2.039751 1.384901 1.179375 1.654903
 665.000000 1.178476 1.172871 1.050839 1.229248 2.111051 1.389647 1.111916 1.765427
 666.000000 1.193367 0.964991 1.110395 1.153840 2.042344 1.338105 1.124819 1.652763
 667.000000 1.125400 1.052764 1.159273 1.126027 2.034438 1.435842 1.261730 1.612047
 668.000000 1.106124 1.284543 1.131920 1.127695 2.112627 1.026353 1.297824 1.675549
 669.000000 1.004500 1.308089 1.152563 1.205339 2.111836 1.100438 1.312400 1.653842
 670.000000 0.891821 1.243696 1.236295 1.299995 2.046431 1.075129 1.427572 1.650108
 671.000000 0.900994 1.375032 1.212608 1.342965 2.049461 1.208657 1.400176 1.670524
 672.000000 0.815603 1.073759 1.043784 1.460210 2.106397 1.182788 1.375114 1.787038
 673.000000 0.873670 1.246227 1.240236 1.294855 2.006825 1.128135 1.527503 1.599201
 674.000000 1.034691 1.224423 0.860901 1.524776 2.336250 1.162317 1.145169 1.929232
 675.000000 0.834236 1.479920 0.983731 1.421730 2.200900 1.255750 1.337357 1.791293
 676.000000 1.192568 1.086361 1.121721 1.080142 1.979153 1.397357 1.204633 1.573566
 677.000000 1.128197 1.215960 1.078095 1.115342 2.067351 1.277284 1.280104 1.735059
 678.000000 0.920652 1.148148 1.212845 1.219771 2.085741 1.421655 1.478790 1.667061
 679.000000 1.050829 1.196846 1.129937 1.154360 2.125111 1.374722 1.374430 1.662261
 680.000000 1.198210 1.134551 1.068134 1.088232 2.042223 1.395396 1.264435 1.649492
 681.000000 1.193831 1.063584 1.091735 1.102625 2.087379 1.408919 1.205715 1.690148
 682.000000 1.154838 1.140005 1.143705 1.107006 2.045353 1.373219 1.240506 1.682053
 683.000000 1.083803 1.221292 1.165931 1.147341 2.023532 1.341415 1.353242 1.693003
 684.000000 1.046167 1.221439 1.062987 1.207075 2.149481 1.441879 1.219361 1.771965
 685.000000 1.141982 1.062630 1.175168 1.097064 2.019670 1.437059 1.335162 1.683800
 686.000000 1.134158 1.041449 1.073271 1.107778 2.068508 1.379740 1.248179 1.726167
 687.000000 1.116829 1.105464 1.155476 1.215459 2.065955 1.341604 1.210559 1.671496
 688.000000 1.150731 1.189972 1.064181 1.098021 2.112143 1.296254 1.278888 1.735668
 689.000000 1.141683 1.200410 1.266149 1.161256 2.057793 1.327266 1.278766 1.650853
 690.000000 1.195375 1.014941 1.235646 1.128271 2.083069 1.379287 1.224398 1.609907
 691.000000 1.216415 1.199264 1.149396 1.212550 2.147607 1.390609 1.170684 1.743020
 692.000000 1.181129 1.288437 1.080365 1.106539 2.112021 1.304258 1.285508 1.775656
 693.000000 1.144070 1.045235 1.130063 1.122767 2.059208 1.385542 1.230501 1.697154
 694.000000 1.132149 1.237210 0.989570 1.091684 2.128604 1.327473 1.206553 1.784037
 695.000000 1.137194 1.257110 1.019232 1.095291 2.053389 1.279695 1.249544 1.730540
 696.000000 1.201790 1.167122 1.124809 1.202920 2.046583 1.378426 1.174660 1.609307
 697.000000 1.174129 1.140493 0.983548 1.124495 2.151843 1.365897 1.155738 1.734844
 698.000000 1.229228 1.556769 0.992290 1.127124 2.202668 1.147105 1.195521 1.846727
 699.000000 1.218846 1.526665 0.971742 1.110036 2.280358 1.202986 1.193051 1.911493
 700.000000 1.148670 1.119891 1.089419 1.104668 2.081263 1.376713 1.235507 1.716838
 701.000000 1.170807 1.364089 0.964401 1.113871 2.036040 1.168258 1.253764 1.711772
 702.000000 1.144764 1.341165 1.196038 1.235684 2.048394 0.981073 1.281991 1.599079
 703.000000 0.987334 1.286902 1.092193 1.344835 2.086135 1.046836 1.323446 1.630188
 704.000000 0.918918 1.377120 1.101935 1.329312 2.124770 1.044993 1.360715 1.670415
 705.000000 0.988617 1.534283 0.933648 1.320178 2.147935 1.279466 1.182853 1.861681
 706.000000 0.853727 1.442129 1.140958 1.399496 2.134451 1.207764 1.449836 1.738720
 707.000000 0.881688 1.339572 1.167135 1.339537 2.043920 1.044246 1.453996 1.627017
 708.000000 0.828074 1.206316 1.212613 1.435668 2.077895 1.028247 1.391528 1.617659
 709.000000 0.866567 1.166475 1.255179 1.465062 2.082441 1.146577 1.483318 1.579033
 710.000000 0.882577 1.244733 1.089110 1.633079 2.195390 1.095986 1.265999 1.768088
 711.000000 1.001552 1.324322 1.235603 1.311156 1.991505 0.973245 1.401787 1.534708
 712.000000 0.899317 1.366510 1.039524 1.379302 2.257667 0.982438 1.335577 1.782463
 713.000000 1.014403 1.305140 1.077079 1.381860 2.119581 0.957640 1.294179 1.680346
 714.000000 0.939668 1.256163 1.165334 1.458944 2.120864 1.033765 1.304211 1.653401
 715.000000 0.804756 1.128938 1.131203 1.527248 2.096482 1.132112 1.405555 1.713144
 716.000000 0.893202 1.268363 1.210045 1.368325 2.013354 1.023912 1.285444 1.540305
 717.000000 0.985952 1.304040 1.195534 1.331653 1.998656 1.106007 1.379593 1.596143
 718.000000 0.884224 1.290846 1.314034 1.338205 2.073780 1.017457 1.443078 1.592133
 719.000000 0.914195 1.355046 1.219831 1.316040 2.063634 0.973218 1.334405 1.624170
 720.000000 0.708668 1.360412 1.240165 1.468567 2.039676 1.453756 1.555998 1.693841
 721.000000 1.029424 1.259127 1.364285 1.475692 2.157368 1.455812 1.491952 1.571332
 722.000000 0.888492 1.254073 1.354725 1.511796 2.066478 1.306515 1.399464 1.637669
 723.000000 0.950661 1.240204 1.279877 1.348648 2.077643 1.239116 1.385752 1.643410
 724.000000 0.914403 1.318557 1.348210 1.364217 2.080956 1.039824 1.455865 1.606443
 725.000000 0.808856 1.254897 1.219249 1.413027 2.102024 1.045923 1.406230 1.647646
 726.000000 0.894202 1.277899 1.156546 1.436810 2.237958 1.125338 1.452728 1.725784
 727.000000 0.957510 1.444343 1.268507 1.243036 2.088357 1.088081 1.478522 1.693286
 728.000000 1.065620 1.116325 1.124226 1.488982 2.223042 1.139987 1.188672 1.718261
 729.000000 1.060490 1.364448 1.198073 1.456120 2.187681 1.078180 1.393905 1.699533
 730.000000 0.984607 1.417000 1.164854 1.168244 2.106652 1.149691 1.399613 1.708245
 731.000000 0.955413 1.049771 1.021737 1.299354 2.180911 1.204698 1.203160 1.766384
 732.000000 0.770071 1.188792 1.167739 1.378638 1.976503 1.272073 1.380594 1.591868
 733.000000 0.946001 1.475764 1.153867 1.346534 2.085841 1.045108 1.316974 1.682944
 734.000000 0.963061 1.446533 1.197188 1.228861 2.076967 1.031874 1.458637 1.720367
 735.000000 0.902205 1.464218 1.204336 1.305207 2.042923 1.063707 1.446699 1.706545
 736.000000 0.900145 1.318026 1.099502 1.260718 2.163826 1.246859 1.357380 1.786460
 737.000000 0.958470 1.452283 1.115933 1.300475 2.116089 1.112200 1.424822 1.759418
 738.000000 0.909722 1.447362 1.159851 1.257002 2.011916 1.058173 1.437340 1.668908
 739.000000 0.959988 1.354918 1.110871 1.351690 2.166636 1.037599 1.462591 1.745666
 740.000000 0.932638 1.434761 1.163082 1.206903 2.046565 1.027602 1.430044 1.658388
 741.000000 0.877676 1.385326 1.260934 1.298652 2.005671 1.127364 1.494847 1.655225
 742.000000 0.991062 1.426890 1.188333 1.296439 2.129994 0.991902 1.417859 1.696032
 743.000000 0.981744 1.441468 1.132782 1.345064 2.211183 1.032985 1.419254 1.688614
 744.000000 1.162828 1.457376 0.938323 1.459621 2.327305 0.978602 1.167518 1.907693
 745.000000 1.004799 1.432617 1.090132 1.321477 2.123130 0.995581 1.408366 1.700483
 746.000000 1.069157 1.325001 1.073605 1.375909 2.088070 1.044705 1.241564 1.608607
 747.000000 1.097061 1.282739 1.004720 1.328646 2.100889 1.021093 1.256259 1.625748
 748.000000 0.951133 1.385135 1.152126 1.382681 2.115174 1.108509 1.461669 1.660146
 749.000000 1.001017 1.385296 1.164589 1.309061 2.093734 0.921696 1.410353 1.667465
 750.000000 1.115918 1.372873 1.157768 1.349531 2.074938 1.041797 1.315017 1.663540
 751.000000 0.927361 1.360075 1.262270 1.353977 2.038238 1.064480 1.472076 1.628458
 752.000000 0.796413 1.274325 1.158980 1.388811 2.079851 1.015482 1.460334 1.676862
 753.000000 0.981951 1.457072 1.153224 1.223011 2.060680 0.989195 1.461000 1.714990
 754.000000 0.902098 1.283745 1.199234 1.313015 2.149732 1.037613 1.393479 1.665425
 755.000000 0.875201 1.322458 1.261023 1.373404 2.032959 1.023555 1.350391 1.608692
 756.000000 0.884747 1.401892 1.045714 1.407092 2.199353 0.966333 1.312440 1.754486
 757.000000 0.894794 1.324625 1.079175 1.324437 2.171344 0.998072 1.417586 1.721861
 758.000000 0.853183 1.310174 1.283126 1.341368 1.997526 1.119454 1.489696 1.602516
 759.000000 0.866848 1.346138 1.209828 1.419187 2.095494 1.069470 1.393759 1.628551
 760.000000 0.918987 1.305298 1.075132 1.291316 2.102293 1.100915 1.417675 1.648974
 761.000000 1.133223 1.342986 0.934242 1.428865 2.273266 0.985890 1.153645 1.835805
 762.000000 1.257064 1.258578 0.942483 1.404912 2.317848 1.143581 1.152185 1.892565
 763.000000 0.925594 1.418917 1.114634 1.283853 2.165242 1.027165 1.434464 1.769895
 764.000000 1.026844 1.226874 0.992134 1.428769 2.280988 1.094534 1.338153 1.811791
 765.000000 1.066601 1.199857 1.060644 1.454797 2.257661 1.112734 1.122829 1.745558
 766.000000 0.954542 1.287604 1.183321 1.446904 2.101454 1.051418 1.344282 1.635744
 767.000000 0.852559 1.400552 1.303993 1.335515 2.014296 1.057227 1.403311 1.640287
 768.000000 0.922112 1.305323 1.265689 1.399979 2.030603 1.018532 1.381167 1.615255
 769.000000 0.977153 1.344729 1.336076 1.384291 2.089972 0.965045 1.367278 1.629392
 770.000000 0.896213 1.449403 1.260028 1.366931 2.102727 1.040789 1.448451 1.647779
 771.000000 0.752350 1.259668 1.324808 1.521618 2.047425 1.068873 1.486927 1.630479
 772.000000 0.912115 1.356189 1.229581 1.418271 2.337504 1.015714 1.518954 1.798911
 773.000000 0.775565 1.253067 1.270816 1.551248 2.139983 1.067176 1.343462 1.690529
 774.000000 1.160151 1.202355 1.102726 1.377536 2.247702 1.007919 1.256032 1.749512
 775.000000 1.086456 1.360063 1.176331 1.367190 2.093000 1.124857 1.325264 1.659423
 776.000000 1.090579 1.266493 1.273587 1.412829 2.226580 1.032262 1.289596 1.729900
 777.000000 1.084545 1.116403 1.318556 1.379262 2.209242 1.116060 1.323428 1.711618
 778.000000 0.974899 1.306199 1.255523 1.301604 2.070535 0.972772 1.414681 1.698890
 779.000000 0.973134 1.274659 1.277734 1.364113 2.062710 1.008927 1.374350 1.622112
 780.000000 0.900384 1.337633 1.282648 1.328500 1.993421 0.959034 1.334275 1.616951
 781.000000 0.984352 1.349475 1.346528 1.378333 2.066398 0.980105 1.360967 1.611707
 782.000000 0.891722 1.329169 1.350107 1.290761 2.037986 1.234388 1.378809 1.562582
 783.000000 0.996336 1.288639 1.168268 1.161944 2.165634 1.212576 1.337442 1.789391
 784.000000 0.994112 1.414792 1.148576 1.318850 2.204311 1.380740 1.381754 1.802488
 785.000000 0.916433 1.374699 1.352083 1.312921 2.133773 0.995997 1.446416 1.668872
 786.000000 0.886835 1.426086 1.157266 1.345212 2.148118 1.024285 1.311059 1.704966
 787.000000 0.874475 1.382669 1.393000 1.296886 2.053668 1.111697 1.430923 1.646232
 788.000000 0.940176 1.311068 1.179206 1.296493 2.166290 1.027787 1.387670 1.689864
 789.000000 0.897453 1.287833 1.286845 1.181798 2.056734 1.064688 1.453170 1.608381
 790.000000 0.867072 1.277540 1.323747 1.401778 2.074701 1.023983 1.341320 1.632904
 791.000000 0.908988 1.313295 1.382487 1.342166 2.053827 0.970342 1.411053 1.608833
 792.000000 0.921298 1.298103 1.231164 1.396696 2.079008 1.005494 1.257444 1.606818
 793.000000 0.865437 1.323197 1.323082 1.476574 2.070953 0.972595 1.280791 1.663198
 794.000000 1.117314 1.323169 1.270556 1.330136 2.222275 1.039704 1.423608 1.722796
 795.000000 1.057935 1.331085 1.208759 1.327115 2.077952 1.045052 1.293069 1.621099
 796.000000 1.177447 1.232131 1.035184 1.325155 2.262189 1.148708 1.252663 1.683759
 797.000000 1.196852 1.145411 1.082714 1.414104 2.259599 1.240499 1.160314 1.687478
 798.000000 1.029567 1.323354 1.039880 1.340910 2.198530 0.959265 1.401011 1.701044
 799.000000 1.017671 1.132187 1.110951 1.465684 2.225842 1.224388 1.443111 1.715730
 800.000000 0.867872 1.168351 1.167690 1.503560 2.124653 1.237719 1.465323 1.659509
 801.000000 0.825054 1.103964 1.219158 1.645741 2.080792 1.234969 1.458811 1.576485
 802.000000 0.947663 1.040656 1.009619 1.708639 2.274041 1.423652 1.361215 1.693595
 803.000000 1.075647 1.148332 1.153890 1.497897 2.260127 1.481421 1.261259 1.759599
 804.000000 1.056758 1.030699 1.101148 1.421723 2.193738 1.337616 1.293147 1.752442
 805.000000 0.979282 1.074060 1.278075 1.411792 2.092223 1.289929 1.361080 1.570583
 806.000000 1.152973 1.087622 1.064829 1.605457 2.309608 1.392190 1.271599 1.805671
 807.000000 1.135979 1.285362 1.141012 1.433951 2.227327 1.373022 1.342757 1.663355
 808.000000 1.110327 1.018058 0.983714 1.457914 2.264206 1.411979 1.268241 1.731694
 809.000000 1.014390 1.115329 1.205040 1.571344 2.162312 1.361652 1.448379 1.614479
 810.000000 1.070507 1.015471 1.110536 1.147790 2.089596 1.423194 1.250047 1.757532
 811.000000 1.165132 1.286057 1.092993 1.085969 2.068126 1.336548 1.229329 1.744040
 812.000000 1.008053 0.968363 1.062771 1.271907 2.111098 1.423936 1.286920 1.726543
 813.000000 1.008204 1.003062 1.178851 1.210558 2.007524 1.283754 1.306869 1.726613
 814.000000 0.963819 0.986501 1.210655 1.209700 2.004386 1.411419 1.280345 1.678393
 815.000000 0.980315 1.064570 1.149045 1.277431 2.140581 1.419152 1.223367 1.746280
 816.000000 0.893311 1.131719 1.159533 1.326110 2.071571 1.459702 1.264500 1.632258
 817.000000 1.124948 1.157242 1.209743 1.086598 1.976319 1.386539 1.328329 1.640164
 818.000000 0.848993 1.239612 1.222244 1.359078 2.156393 1.475230 1.467675 1.626100
 819.000000 1.138372 1.031079 1.083931 1.250044 2.076558 1.415808 1.142147 1.706335
 820.000000 1.107501 1.009052 1.193324 1.150212 2.044178 1.357092 1.281516 1.709020
 821.000000 1.021687 1.155714 1.119089 1.288251 2.083435 1.512414 1.244595 1.726483
 822.000000 1.053978 0.977990 1.140063 1.195465 2.036682 1.429037 1.268823 1.672918
 823.000000 1.097795 1.126640 1.020969 1.239840 2.196319 1.414857 1.176626 1.824654
 824.000000 1.078876 1.296925 1.140658 1.241700 2.125782 1.173135 1.141254 1.735980
 825.000000 1.133485 1.224204 1.070184 1.150882 2.061694 1.223446 1.175774 1.716162
 826.000000 0.999434 1.291677 0.937310 1.304899 2.274450 1.216839 1.174757 1.826589
 827.000000 1.098888 1.249087 1.041642 1.214922 2.103537 1.172137 1.089498 1.712150
 828.000000 1.150343 1.171601 1.082217 1.267351 2.109192 1.221968 1.043060 1.805116
 829.000000 1.100195 1.149312 0.997622 1.240159 2.219971 1.239300 1.151391 1.806460
 830.000000 1.147267 1.172025 0.986626 1.300050 2.221968 1.251946 1.052753 1.811030
 831.000000 0.962466 1.069265 1.102757 1.273994 2.103776 1.192417 1.256589 1.765086
 832.000000 0.844368 1.191579 1.256073 1.347420 1.992850 1.251375 1.391226 1.652531
 833.000000 0.935561 1.288491 1.120201 1.285528 2.063687 1.127027 1.407668 1.704319
 834.000000 0.936737 1.326291 0.990692 1.298974 2.064331 1.135749 1.173362 1.766394
 835.000000 0.798628 1.175172 1.159771 1.366110 2.113834 1.260748 1.359186 1.773665
 836.000000 0.931537 1.074525 1.028847 1.481192 2.168223 1.140891 1.115597 1.826700
 837.000000 0.945466 1.118353 1.019321 1.403423 2.181860 1.166692 1.161656 1.907095
 838.000000 1.031494 1.100136 1.031323 1.278018 2.108332 1.270583 1.116501 1.768777
 839.000000 1.108147 1.102290 1.120870 1.353695 2.115512 1.239137 1.194786 1.778803
 840.000000 1.109163 1.244944 0.970044 1.236334 2.220624 1.237770 1.131103 1.746844
 841.000000 1.013139 1.270106 1.171424 1.264402 2.052165 1.182148 1.281497 1.578904
 842.000000 0.899265 1.270140 1.234091 1.261900 2.069007 1.199661 1.329329 1.634718
 843.000000 1.011545 1.089618 0.956170 1.417269 2.160910 1.212927 1.119075 1.857429
 844.000000 1.041734 1.206187 1.090572 1.271202 2.041077 1.219071 1.176198 1.717200
 845.000000 1.111285 1.269019 1.048831 1.186316 2.117636 1.261213 1.156578 1.733605
 846.000000 1.105337 1.127000 1.105433 1.273114 2.192857 1.246045 1.031357 1.777932
 847.000000 1.106740 1.022386 1.110301 1.196661 2.047805 1.265244 1.157211 1.738306
 848.000000 1.029763 1.236616 1.086494 1.245572 2.048234 1.242344 1.108959 1.674296
 849.000000 1.013314 1.066475 0.952071 1.354786 2.232563 1.251125 1.140960 1.859496
 850.000000 1.105659 1.312958 0.976001 1.222520 2.189324 1.151251 1.012903 1.787652
 851.000000 1.145875 1.058007 1.000768 1.276613 2.186200 1.277292 1.137144 1.813880
 852.000000 1.132742 1.255513 0.996394 1.198957 2.181369 1.211666 1.151689 1.719541
 853.000000 1.132377 1.175012 1.045625 1.167017 2.083393 1.206669 1.147811 1.702307
 854.000000 1.141419 1.271811 0.970761 1.174536 2.112737 1.190520 1.107096 1.739944
 855.000000 1.092503 1.255757 1.151451 1.197755 2.116666 1.262918 1.114319 1.698941
 856.000000 1.045857 1.051678 1.024212 1.210680 2.152459 1.237826 1.147337 1.776285
 857.000000 1.062946 1.199692 1.162737 1.173622 2.087383 1.207172 1.155832 1.777926
 858.000000 1.107408 1.264619 0.991733 1.275245 2.144454 1.242639 1.044183 1.825987
 859.000000 1.010100 1.224371 1.053456 1.266979 2.145838 1.225732 1.184239 1.726508
 860.000000 1.125468 1.243500 0.994351 1.250138 2.176313 1.173482 1.121867 1.730883
 861.000000 1.072487 1.169154 1.182276 1.222421 2.080896 1.216014 1.097018 1.688773
 862.000000 1.062310 1.230988 1.129767 1.196900 2.118807 1.167365 1.209699 1.694434
 863.000000 1.015809 1.172760 1.157505 1.199705 2.033715 1.279058 1.255266 1.701413
 864.000000 1.096398 1.117095 1.150803 1.179805 2.028729 1.291207 1.243261 1.660910
 865.000000 1.139786 1.204314 1.105328 1.207812 2.139828 1.250321 1.127079 1.722269
 866.000000 1.073275 1.110205 1.169229 1.320075 2.048363 1.234247 1.131720 1.714204
 867.000000 0.987934 1.113899 0.936510 1.428808 2.314768 1.201408 1.050981 1.877803
 868.000000 0.952060 1.090582 1.055803 1.407970 2.270644 1.291836 1.175407 1.840620
 869.000000 1.046028 1.163342 1.068633 1.441144 2.267128 1.141542 1.134024 1.805493
 870.000000 1.072223 1.195259 0.937219 1.399277 2.306802 1.126056 1.050469 1.900176
 871.000000 1.159201 1.262637 0.877154 1.410349 2.317653 1.100968 0.965531 1.952503
 872.000000 1.031341 1.106702 1.012050 1.394210 2.254275 1.144187 1.155128 1.799339
 873.000000 1.056992 1.218273 0.944431 1.374590 2.308798 1.021665 1.108927 1.875782
 874.000000 1.049769 1.183799 1.087978 1.367431 2.231196 1.157211 1.082701 1.845060
 875.000000 1.028179 1.217732 0.972285 1.407848 2.323147 1.196824 1.088839 1.933718
 876.000000 1.082266 1.251158 0.962795 1.358086 2.278170 1.081294 1.096613 1.915050
 877.000000 1.092140 1.217297 1.027084 1.395986 2.346137 1.151240 1.155055 1.945469
 878.000000 1.175288 1.240436 1.055711 1.305170 2.183240 1.222883 1.083121 1.879872
 879.000000 1.030354 1.093384 1.031059 1.419149 2.179694 1.222863 1.186131 1.854998
 880.000000 1.054597 1.204078 0.800456 1.434129 2.250442 1.140539 0.971126 1.986043
 881.000000 0.884795 1.232195 1.143477 1.366134 2.115321 1.124935 1.252873 1.717819
 882.000000 1.083153 1.446943 1.128147 1.173634 2.120433 1.187482 1.307263 1.713353
 883.000000 1.222331 1.411750 0.971287 1.148797 2.261061 1.225864 1.191068 1.814812
 884.000000 1.223145 1.573280 0.939065 1.120281 2.323926 1.183805 1.202694 1.924715
 885.000000 1.209219 1.583208 0.969834 1.235030 2.339277 1.267000 1.170040 1.898168
 886.000000 1.154190 1.526508 1.075443 1.160292 2.174593 1.150284 1.263499 1.804081
 887.000000 1.120453 1.381837 1.007155 1.174905 2.243319 1.231733 1.206571 1.841467
 888.000000 1.135918 0.986378 1.179626 1.119613 2.020826 1.353418 1.181274 1.632669
 889.000000 1.063954 1.031047 1.266051 1.139205 1.989479 1.466821 1.333458 1.557797
 890.000000 1.107422 1.031552 1.184484 1.186532 2.160892 1.432959 1.317653 1.685481
 891.000000 1.132685 1.076773 1.272290 1.100244 2.022812 1.338053 1.289328 1.629314
 892.000000 1.132124 1.227056 1.175521 1.141377 2.184020 1.324003 1.330279 1.758653
 893.000000 1.095031 1.107040 1.334425 1.125051 2.051217 1.378936 1.407134 1.596025
 894.000000 1.089171 1.015731 1.309776 1.136492 1.994025 1.427668 1.294038 1.608844
 895.000000 1.182402 1.287809 1.067152 1.080890 2.151597 1.253272 1.279101 1.740020
 896.000000 1.145561 1.038770 1.022185 1.123527 2.161933 1.321527 1.241176 1.776107
 897.000000 1.197355 1.165560 1.183048 1.076127 2.078727 1.267345 1.261164 1.781517
 898.000000 1.155014 1.015611 1.340873 1.105800 2.013605 1.405711 1.271032 1.611490
 899.000000 1.107391 1.046919 1.303810 1.055429 2.054229 1.416143 1.274580 1.600256
 900.000000 1.139706 1.063273 1.329549 1.144766 2.055511 1.465378 1.295208 1.605619
 901.000000 1.106623 1.184187 1.234968 1.207839 2.117902 1.473983 1.279180 1.628135
 902.000000 1.203769 1.045180 1.124282 1.240839 2.133756 1.413467 1.146271 1.672143
 903.000000 1.155329 1.272092 1.187954 1.151626 2.098493 1.337303 1.219822 1.649056
 904.000000 1.161052 1.059406 1.112292 1.226039 2.162091 1.284209 1.103790 1.808993
 905.000000 1.126795 1.098567 1.254928 1.125020 2.014629 1.431809 1.307764 1.616199
 906.000000 1.064378 1.118480 1.286831 1.142754 2.066567 1.454022 1.343712 1.654015
 907.000000 1.171786 1.147996 1.136881 1.175315 2.100094 1.431225 1.182582 1.678978
 908.000000 1.184286 1.128268 1.118382 1.227806 2.197770 1.426564 1.168682 1.716185
 909.000000 1.086880 1.170804 1.108463 1.114710 2.048101 1.380573 1.228259 1.683528
 910.000000 1.098567 1.044041 1.233329 1.092859 2.065531 1.397843 1.308279 1.641695
 911.000000 1.132255 1.127825 1.315457 1.086920 2.036706 1.402962 1.328514 1.646092
 912.000000 1.172041 1.000643 1.196733 1.139388 2.097649 1.349070 1.233370 1.634387
 913.000000 1.207394 1.050603 1.116530 1.180119 2.043113 1.374871 1.193031 1.647835
 914.000000 1.164468 1.035633 1.310196 1.072791 1.973122 1.375795 1.315038 1.565364
 915.000000 1.201656 1.198694 1.191252 1.090698 2.084293 1.299113 1.348624 1.621095
 916.000000 1.187617 0.967291 1.144966 1.147818 2.085746 1.345450 1.150989 1.659554
 917.000000 1.096328 1.013199 1.136414 1.137079 2.070619 1.455565 1.238072 1.589046
 918.000000 1.117255 1.067230 1.178571 1.141593 2.064513 1.443001 1.262494 1.592945
 919.000000 1.024558 1.005368 1.208353 1.170053 2.012443 1.538301 1.288234 1.567374
 920.000000 1.137474 1.101320 1.224946 1.089912 1.992533 1.398607 1.289459 1.559970
 921.000000 0.906149 1.134528 1.337726 1.252662 1.978249 1.513058 1.461842 1.581810
 922.000000 1.014090 0.968416 1.157785 1.310755 2.064010 1.348363 1.185462 1.693376
 923.000000 1.032205 1.053167 1.069173 1.175794 2.007501 1.341210 1.156101 1.618049
 924.000000 1.212505 1.086151 1.039772 1.191976 2.082540 1.288673 1.042699 1.679408
 925.000000 1.151818 1.120929 1.106791 1.140952 2.085682 1.430528 1.196768 1.606513
 926.000000 1.223506 1.087464 1.015095 1.158354 2.148941 1.345513 1.085314 1.744420
 927.000000 1.174279 1.113214 1.069262 1.161373 2.107985 1.373210 1.077689 1.739740
 928.000000 1.133016 1.234527 1.116585 1.108619 2.107445 1.343346 1.219263 1.640419
 929.000000 1.096396 1.053869 1.128727 1.225539 2.038254 1.419040 1.112778 1.695033
 930.000000 1.200634 1.123287 1.190036 1.098320 2.030515 1.372867 1.277806 1.614762
 931.000000 1.173232 1.075997 1.246410 1.113378 2.068924 1.438651 1.265478 1.655393
 932.000000 1.169555 1.470538 1.073560 1.169658 2.151169 1.265041 1.195401 1.728865
 933.000000 1.167713 1.015092 1.106596 1.048081 2.013346 1.371047 1.239409 1.575734
 934.000000 1.176469 1.077963 0.943675 1.209108 2.140083 1.327842 1.032642 1.809587
 935.000000 1.186623 1.002000 1.057290 1.186654 2.057680 1.316782 1.004791 1.643422
 936.000000 1.132129 1.104143 1.236478 1.116039 2.024347 1.331097 1.149569 1.559011
 937.000000 1.050098 1.156198 1.183259 1.170253 2.037047 1.489575 1.310836 1.559963
 938.000000 1.225520 1.393867 0.951008 1.167043 2.160521 1.345150 1.086544 1.760645
 939.000000 1.082018 1.138880 1.065260 1.226024 2.098791 1.517244 1.227119 1.600248
 940.000000 1.171606 1.073436 1.115985 1.104270 2.020406 1.409480 1.244657 1.587166
 941.000000 1.100902 1.064699 1.078112 1.163033 2.022846 1.346283 1.147161 1.593061
 942.000000 1.133732 1.042801 1.221924 1.061563 1.956120 1.386806 1.235847 1.602172
 943.000000 1.161471 1.188125 1.133439 1.115349 2.054351 1.379392 1.240869 1.606776
 944.000000 1.195609 1.117349 1.182528 1.133924 2.130024 1.349550 1.179690 1.611000
 945.000000 1.205714 1.055582 1.082038 1.206279 2.131280 1.422712 1.178654 1.616920
 946.000000 1.176287 1.270614 1.058154 1.247904 2.129207 1.386739 1.070397 1.751651
 947.000000 1.176925 1.084142 1.149188 1.104107 2.059564 1.408664 1.216474 1.604370
 948.000000 1.156285 1.024863 1.187226 1.124808 1.997589 1.444473 1.214535 1.602284
 949.000000 1.171015 1.079108 1.162802 1.103281 2.078701 1.401585 1.224205 1.645277
 950.000000 1.136692 1.071339 1.076152 1.245576 2.101367 1.454822 1.162716 1.691344
 951.000000 1.182163 1.037736 1.082613 1.163114 2.185086 1.419607 1.193152 1.724208
 952.000000 1.122342 1.002186 1.237656 1.213321 2.110358 1.430008 1.273990 1.679895
 953.000000 1.083678 0.967248 1.227788 1.096964 2.036981 1.414658 1.335953 1.557979
 954.000000 1.162811 1.030756 1.154668 1.127196 2.023609 1.423808 1.239046 1.588164
 955.000000 1.056957 1.108181 0.983466 1.192953 2.154522 1.446411 1.208357 1.701008
 956.000000 1.140029 1.041279 1.126429 1.149808 2.057915 1.385597 1.153806 1.655892
 957.000000 1.168986 1.121464 1.129248 1.126818 2.045421 1.340784 1.160078 1.639510
 958.000000 1.120616 1.075224 1.164650 1.065886 2.045594 1.458322 1.239560 1.591192
 959.000000 1.167867 1.364347 0.956170 1.122019 2.139446 1.325623 1.105439 1.709660
 960.000000 1.125121 1.084383 1.113506 1.203165 2.040241 1.394190 1.116448 1.648702
 961.000000 1.056451 1.060814 1.184227 1.122350 1.992633 1.432834 1.230681 1.612446
 962.000000 1.114455 1.084967 0.889667 1.220433 2.212740 1.429107 1.072855 1.765188
 963.000000 1.078822 1.089471 1.075418 1.260395 2.072989 1.484174 1.183908 1.632847
 964.000000 1.128922 1.347460 0.961235 1.151874 2.115934 1.350814 1.147635 1.733776
 965.000000 1.199546 1.273951 0.969955 1.118290 2.172756 1.416887 1.197672 1.704313
 966.000000 1.153850 1.155163 1.090300 1.180731 2.132259 1.462886 1.244113 1.667060
 967.000000 1.184595 1.193910 1.082084 1.105634 2.045854 1.332352 1.125134 1.666891
 968.000000 1.098310 1.337982 1.065028 1.183163 2.178030 1.270103 1.255906 1.699448
 969.000000 1.050274 1.040691 0.989643 1.348716 2.241688 1.315303 1.180883 1.779032
 970.000000 1.075458 1.226392 0.825289 1.475956 2.327597 1.328580 1.020385 1.890411
 971.000000 0.824515 1.242017 1.003803 1.432704 2.077006 1.314681 1.284547 1.619986
 972.000000 0.818175 1.034107 1.018958 1.473452 2.166707 1.289694 1.215842 1.768302
 973.000000 0.888888 1.082327 1.001180 1.575557 2.203480 1.310517 1.172964 1.829862
 974.000000 0.863347 1.173442 1.086509 1.370933 2.060736 1.266442 1.255612 1.678696
 975.000000 0.804851 1.111497 1.076320 1.542690 2.116811 1.236225 1.287920 1.748797
 976.000000 0.875227 1.186305 1.144312 1.594366 2.217410 1.305844 1.238267 1.801009
 977.000000 0.797043 1.071135 1.117090 1.512379 2.042708 1.209698 1.264600 1.780702
 978.000000 0.793116 1.104552 1.133290 1.512680 2.063808 1.263697 1.237636 1.752214
 979.000000 0.781317 1.254651 1.263622 1.558834 2.108208 1.089316 1.440063 1.689216
 980.000000 0.854231 1.395124 1.258209 1.418149 2.086458 1.048801 1.483853 1.687957
 981.000000 0.940154 1.113137 1.028851 1.330200 2.178284 1.190426 1.247610 1.830574
 982.000000 1.075846 1.152992 0.939330 1.437617 2.237260 1.238970 1.100904 1.880299
 983.000000 1.049797 1.253856 0.944204 1.274718 2.235006 1.222690 1.154323 1.934511
 984.000000 1.135606 1.348465 0.972686 1.288639 2.137657 1.160543 1.073210 1.877250
 985.000000 1.096893 1.215787 1.046802 1.224067 2.154176 1.244650 1.133319 1.807985
 986.000000 0.985739 1.076574 0.902347 1.345785 2.275521 1.243658 1.169671 1.845034
 987.000000 1.059294 1.182569 1.004210 1.242046 2.193407 1.262293 1.207285 1.774631
 988.000000 1.107062 1.333739 1.131488 1.229685 2.131766 1.143112 1.227183 1.710750
 989.000000 1.154710 1.077546 1.082829 1.281362 2.073598 1.202505 1.082549 1.770588
 990.000000 1.167423 1.077572 1.053355 1.266040 2.100972 1.257799 1.040713 1.755464
 991.000000 1.177457 1.115657 1.010194 1.322559 2.141485 1.210726 0.983415 1.799497
 992.000000 1.100613 1.153649 1.019795 1.232569 2.182935 1.197780 1.087631 1.760338
 993.000000 1.077986 1.080554 1.016196 1.347128 2.157380 1.148726 1.030312 1.827317
 994.000000 1.008843 1.058695 0.971423 1.364453 2.153882 1.231132 1.107553 1.801032
 995.000000 1.226775 1.104346 0.995290 1.273194 2.187269 1.144069 0.973103 1.805437
 996.000000 1.143551 1.170276 0.919231 1.323372 2.329959 1.169767 1.016271 1.934749
 997.000000 1.120579 1.177846 0.982041 1.369523 2.196185 1.211598 1.036065 1.862903
 998.000000 1.021048 1.056404 1.145702 1.308203 2.073041 1.263686 1.207738 1.748400
 999.000000 1.148363 1.103009 1.015575 1.307696 2.213440 1.189168 1.071306 1.849022
 1000.000000 1.196039 1.115364 1.170739 1.185346 2.066663 1.187356 1.143800 1.786110
