3.321736205999999
3.411378703
3.3762867120000006
3.5818216540000005
3.2670448149999993
3.388721379
3.198782196999999
3.406139881
3.4894708219999995
3.4847221789999994
3.170775390000001
3.3513614499999997
3.3934341379999995
3.670470584
3.7426339210000004
3.4367617370000003
3.6848224409999983
3.4950417469999993
3.563272538
3.581113359999999
3.3396401219999996
3.608070664
3.512480555999998
3.8588662989999998
3.657801818
3.6607011949999997
3.575218402
3.646364973999999
3.9981276289999994
3.7436888229999994
4.0646699910000015
3.837171008
3.641687827999999
3.572028024999999
3.418351046999999
3.558408672999999
3.527060431
3.279566925
3.2319404169999997
3.4454004680000008
3.231846225
3.333460066999999
3.4370972460000004
3.2759478239999997
3.3134978659999996
3.3482770080000006
3.216768718
3.24013376
3.320147074999999
3.2145828169999993
3.3951459770000003
2.9281426020000008
3.3899543629999993
3.137226688
3.450024449999999
3.1474880889999985
3.176312263
3.3741091350000003
3.1092428219999992
3.1727218209999988
3.3282188980000007
2.6195311259999987
2.0902765999999997
2.392567937999999
1.867749441999999
2.1423399290000003
2.5198177040000003
2.693132921
2.817697554999999
2.9752148619999996
2.8413926239999996
2.858557961
3.197502942999999
3.425867518999999
3.6180672109999996
3.4001753129999996
3.601732307999999
3.1585170469999984
3.5850876119999993
3.5415727649999997
3.6113440149999994
3.2119678379999996
3.3592772529999992
3.344568191
3.2755613150000005
3.0156568860000004
3.1858639960000006
3.2874014169999985
3.0617413659999992
3.2393248320000003
3.0767316029999985
3.2107053689999985
2.986321959
3.1632441050000004
3.2865765039999992
3.2889203169999996
3.4000571110000006
3.311127504999999
3.2585419040000003
3.3150172490000003
3.223194489
3.3251219500000007
3.239193818999999
2.876993033999998
3.152385997
3.2719915389999996
3.213735594
3.083628841999999
3.066502895999999
3.430204698
3.2872964250000005
3.0701908540000002
3.4180635139999986
3.069612728
3.5014136979999995
3.364731071000001
3.2687991760000004
3.4036013560000002
3.2896338190000005
3.0332750920000002
3.2158399449999995
3.109341584000001
3.307290085
3.332150885999999
3.042564243999999
3.074120832
3.2917045609999995
3.276065202999999
3.3786432700000004
3.2349686010000003
2.520162597999999
2.1615656079999996
2.554009227
2.5825217879999998
2.592385428
2.0231812749999993
2.7892276359999997
1.9439492659999997
3.3284550669999997
3.4630576889999984
3.5493848069999996
3.250031924
3.4690838899999994
3.219621734999999
3.4703927270000006
3.5868196300000004
3.409662407000001
3.342304466
3.3637325259999997
3.1099075579999997
3.3793260819999995
3.4133758910000007
3.3641408509999997
3.456314130000001
2.9843603699999988
2.389327776
2.49628836
2.390709238999999
2.2869920620000004
2.633652455
2.5429601769999994
2.4981037109999997
2.7105999859999996
2.7864628169999994
2.7219896419999996
2.611327859
2.3955568769999998
2.898512254000001
2.5260950409999996
2.566747158
2.503874489
2.573263734
2.2876826629999996
2.0340328399999996
2.255261513999999
1.573062026
2.827543661999999
2.3145010989999992
2.4802377910000004
2.7527553339999997
2.7330462519999994
2.618436984
2.6107947739999995
2.5229313359999996
2.5078636520000006
2.633823412999999
2.4302261989999994
2.7176154349999995
2.4354058349999987
2.189403628
2.3410136379999997
2.402056625
2.4666457729999998
2.3290387939999992
2.0595642519999995
2.645614299999999
2.1322462290000006
2.353673111
2.435088341000001
2.3100462539999995
2.0521232830000002
2.402953706999999
2.2410126030000006
2.5582662390000004
2.4428596879999995
2.280927625
2.376264043
2.289157082999999
2.161529291
2.724496496000001
2.540763970999999
2.5054656799999986
2.405792130000001
2.4073795679999996
2.292997142
2.6329249089999998
2.3263515530000003
2.364150364
2.5114421730000003
2.6058567289999996
2.345581275
2.408250612
2.8603563970000003
2.8796480329999996
2.894456074
2.777749427
2.7673458679999987
2.434748457999999
2.4069960889999993
2.268696018999999
2.5859878499999995
2.589889769
2.700423256999999
2.5721701119999993
2.669564376999999
2.8068277409999993
2.853418802
2.663585222
2.620763634000001
2.803103024
2.6075089510000007
2.857309205000001
2.51800636
2.6837464009999996
2.644766095999999
2.524740337
2.5319131959999996
2.7712409129999993
2.7700048119999985
2.6972729550000007
2.522600294000001
2.1133334969999997
2.367171966
2.5381825399999998
2.3646381989999994
2.368170789999999
2.367618896999999
2.3218778629999997
2.3821947509999997
2.896214873
2.2299831250000004
2.8453738639999995
2.4883314690000002
2.6983679649999983
2.4024448920000006
2.4663364109999995
2.531504735999999
2.724985714
2.6921757349999993
2.542456076999999
2.3739828609999996
2.420885211999999
2.3855065119999996
2.4400138989999993
2.2315955549999984
2.4811438700000013
2.330415429999999
3.226265354
2.773663382
2.5558376879999996
2.4400343949999987
3.221657325
2.621305200000002
2.4507364239999996
2.548245197000001
2.5937511609999993
2.688187698999999
2.688749947999999
2.0405493939999997
2.2596861999999995
2.702240749999999
2.7380593709999985
2.6462526699999995
2.248976098
2.532522391000001
2.4744309739999992
2.272214699
2.3959957609999996
2.5529107509999998
2.422455065
2.717257446000001
2.247620575999999
2.6332340820000004
2.0721401230000005
2.784766919
2.8492542039999993
2.548710067999999
2.308695718
2.567557315000001
2.4284463369999987
2.3805190940000003
2.6255957739999998
2.3103188349999995
2.524528497
2.9442329149999997
2.4306649560000007
2.3015527409999983
2.597133609999998
2.6599439169999988
2.957236929999999
2.5492729529999996
2.441288467999999
2.6190134009999997
2.468920347
2.250079338999999
2.2339358509999996
2.3694182849999996
2.470081305
2.1351395969999993
2.4840224789999996
2.1597960189999985
2.238022936
2.1842612629999993
2.085849458000001
2.386078258999999
2.264136508999999
2.7309422060000004
2.014674995999999
2.4101803809999995
2.159148138
2.3205769080000014
2.344984877999999
2.2386857219999996
2.3042086360000003
2.273501842999999
2.3217704369999996
2.2908511739999993
2.4252349029999998
2.599443847
2.685365068
2.4235592389999994
2.296288790000001
2.688354014999999
2.6277688239999994
2.682068192000001
2.0873639170000002
2.2278026960000004
2.2979661370000004
2.428922932
2.746487255999998
2.458446321
2.7358784529999998
2.4111778969999986
2.5172497610000004
2.1406817609999997
2.3112408849999992
2.343452959999999
2.202617791999999
2.2311285989999994
2.3350757639999995
2.568766568
2.292410883
2.3284403179999997
2.3677104799999995
2.3413326799999994
2.26886911
2.441573483000001
2.498252521999999
2.218880069
2.329114263
2.2193131649999995
2.455973347
2.831662680999999
2.3370696669999993
2.3390166269999995
2.353571197999999
2.375287891
2.6246994490000004
2.2693113299999994
2.607498305
2.5754478819999997
2.4512423269999988
2.5656398980000006
2.2710455189999994
2.6062860529999994
2.425228304
2.635716782
2.4734370999999995
2.2542830690000004
2.5812114470000003
2.244895261000001
2.2994597829999996
2.466932614999999
2.464252496
2.3864048469999988
2.641798802
2.3501789559999997
2.7484778350000005
2.639413013
2.622962788999999
2.1394681770000004
2.497976627
2.7874459659999995
2.6178376590000005
2.138586932000001
2.4042425030000003
2.2966779369999997
2.4617522089999997
2.0751927689999996
2.139158166
2.5278541390000004
2.5069866620000005
2.992573065
3.291477212999999
3.354024247999999
3.4577917869999997
3.314606621000001
3.2297630879999994
2.978154587999999
3.4621879249999994
3.1733286199999986
3.297227473999999
3.414920182
3.088302515
3.316684474999999
2.959987204999999
2.6740022120000004
3.074926950999999
3.296940558000001
3.464523609999999
3.6559635919999995
3.459336602
3.242924232
3.291384754
3.039596100999999
3.2347617599999996
2.8877095069999994
2.865166156999999
3.082851845999999
3.3554714789999993
3.0696155069999995
3.587364589999999
3.3380256270000004
3.218786121999999
3.2989127080000005
3.4965559579999996
3.380116733999999
3.4575181729999995
3.259162802999999
3.171878095999999
3.4005079119999992
3.3542897000000007
3.1770917229999993
3.3423097189999993
3.4161036179999984
2.5736629990000006
2.713621518
2.8935502150000003
3.0885116880000005
2.778697045
2.697370964
2.4186059440000007
2.2637367789999985
2.749900306000001
2.9319368270000004
2.427520511
2.6245632600000004
2.487233880999999
2.8956910170000008
3.204745989
3.181459565000001
3.6521226800000006
3.316089613
3.744561952999999
3.6947558649999985
3.252854408999999
3.3745059579999994
3.6198223300000003
3.261578901
3.412107301
3.4478806580000003
3.283344794999999
3.3089633379999994
3.142779183000001
3.4835432790000005
3.354025849
3.2624903769999993
3.21923105
2.9684662710000005
3.2381179109999993
2.840534188999999
3.1537741080000004
2.9814444189999993
2.6947855710000006
3.4106784369999987
3.7223099360000003
3.384420387
3.379925547
3.5586685559999998
3.5034412279999994
3.3571494619999998
2.830949976
2.5581141359999995
2.415906023
2.3870743109999992
2.5774141460000006
2.3781879000000004
2.4226510919999993
3.8560073040000002
3.5553931350000005
3.342526168999999
3.4451119059999993
3.302972237
3.282167374
3.321527718
3.1981894459999998
3.315163371
3.348206925
2.859050021
3.2408941119999994
3.4150895539999997
3.136340315
3.4667406939999994
3.350181579
3.148008998
3.301338106
3.282796041
3.0643248289999994
3.380946555
3.2893923220000003
3.337771974000001
3.430817576999999
3.518660331999999
3.2604868430000007
3.2645098370000003
3.442024916
3.4241287069999995
3.5999274809999995
3.7663746200000006
3.3666718929999995
3.3356690659999995
3.498150085
3.4905754110000005
3.227507974999999
3.290646647
3.473069658
3.7232873950000007
3.4786389269999987
3.078339976
2.535845372
2.495167302
2.0416448280000004
2.857921135
3.085451216
3.0901304930000006
3.4274591720000007
3.377584357000001
3.4460140270000013
3.5557539700000005
3.5544525910000004
3.4508531049999993
3.4780034250000007
3.1371272349999995
3.0643641640000006
3.154290136
3.211563095999999
3.729538642
3.5861168219999993
2.327636788999999
2.680884326
2.2126837130000006
2.8037821769999995
2.7825967599999997
2.7961253769999987
3.567441752999999
3.667077793
3.4239131339999997
2.6114746199999996
2.659034358999999
1.8286544449999993
2.657222927
2.5360505509999993
2.396010048000001
2.9393486309999997
3.3782781840000005
2.3408952360000006
2.515239306
2.472777726
2.578865859
2.6535110289999997
2.458755487
2.3404852549999995
2.6862023709999994
2.370121249999999
2.3689322109999997
2.5126886049999997
2.3617452259999987
2.2150088509999994
2.804440771000001
2.9453694929999994
2.518773986
2.7188584970000007
2.4138309680000005
2.9329938869999994
2.4657263169999997
2.394884543
2.423094414999999
2.490398054
2.5385408789999993
2.552862224
2.573571326
2.5612912549999995
2.854529811
2.699846249999999
2.77657272
2.6748963289999996
2.6698054510000007
2.7655244010000004
2.6545200280000003
2.635040999000001
2.6580979639999995
2.8579230949999994
3.0187875230000003
2.855748278
2.8575716200000003
2.666298292
2.8557988300000003
2.6632960699999995
2.7266531309999995
2.697809496999999
2.6293120089999995
2.899316213
2.554246551999999
2.677784146
2.6269286030000005
2.487042117999999
2.3936841279999994
2.525906202
2.640043736999999
2.7558984430000004
2.724697819
2.60506049
2.591609794999999
2.6472490490000005
2.3567539930000003
2.7317973510000004
2.8605835419999996
2.809472669000001
2.7842338389999988
2.630384344
2.351639866999999
2.380551701
2.7759486150000003
2.7305329190000007
2.495721282
2.3080216650000005
2.619968506
2.290861454
2.6880391070000003
2.66452604
2.298715456
2.4113907660000002
2.915231017
2.4941735350000003
2.3614337239999994
2.3680024659999983
2.2704961550000005
2.4587150489999985
2.5581678919999997
2.786304458
2.858640914999999
3.1202341579999997
2.574891861999999
2.7135367209999988
2.703302827000001
2.5249993349999995
2.5654540799999994
2.3632627439999996
2.331604575
2.8734821420000003
2.636973964999999
2.681718289999999
2.6768606249999998
2.617409969
2.397894518
2.3995769159999996
2.5108985679999996
2.569727029
2.891472825
3.078732332999999
2.7431100779999995
2.584026595
2.9226094790000006
2.626192322
2.764423565999999
2.2761011740000003
2.7065080029999993
2.748020263999999
2.9617322919999998
2.707340007
2.5435937080000004
3.224552861
3.3968653760000005
3.198456244999999
3.1549651040000004
2.7797095240000003
3.233804426
3.1593267239999996
3.2541349649999995
3.271909085999999
1.8816236560000001
2.4456294639999996
2.5856680190000003
2.4325426990000008
3.335166611
2.860370842999999
3.0953567219999996
3.561908563999999
3.080761441
3.1938130969999987
3.4689145760000004
3.2489328540000004
2.903998658999999
3.296044762
3.3770210449999993
3.167664105
3.4537851559999995
3.4387359790000005
3.2017179679999987
3.155490098
3.146632174
3.1191042579999997
3.4310217850000004
3.4563007090000015
3.4925463439999995
3.4169348050000012
3.268173536
3.123572257
3.363729395
3.437336017
3.233372760999999
3.162402361
2.978106989
3.354311744
3.300125935
3.3808247819999995
3.342829097
3.2062949439999997
2.994781236999999
3.2297137309999995
3.045441188
3.4186565100000004
3.3088585790000002
3.346262820999999
3.201874374
3.0589834270000007
3.3614777820000006
3.174466529999999
3.1831238929999994
3.5299270349999996
3.429323168
2.6054158640000007
3.5421410289999997
2.96889967
3.218525024
3.120663696999999
3.3789740989999997
3.1753155620000006
3.140464491999999
3.167675898
3.283870266000001
3.3572245769999998
3.3289353330000004
3.6179306529999984
2.7994042309999996
3.6221700969999997
3.3520206920000004
3.5215671649999982
3.4157376879999997
3.1846329889999985
3.2482835230000005
3.4754291219999995
3.2057485480000008
3.501041254999999
3.5265634909999997
3.488655198999999
3.2562731329999988
3.129827852000001
3.419035889999999
2.7220638540000004
2.6210064889999996
2.556159662
2.1498150839999997
2.0187538980000004
2.525208963999999
2.438939422
2.345342256999999
2.555390496
2.0651402719999994
2.1027158990000006
2.449669914999999
2.422726118
2.483641413000001
2.574901377000001
2.0596266329999993
2.5614318569999996
2.8742609199999998
2.7872638709999995
2.8094453979999985
2.082688021
2.6603931669999996
2.4321396940000004
2.438850785
2.5291652549999992
3.5566282680000003
3.4407666770000014
3.4446879939999997
3.588551861999999
3.3886371949999994
3.36430991
3.4245675889999996
3.278935796999999
3.514728026
3.52583823
3.483983126
3.1588234130000004
3.1567905329999992
3.292151977999999
3.1045371019999988
3.214488900999999
3.6024568989999994
3.678284003
3.5733829929999996
3.0400778269999993
3.2598619609999995
3.3622761309999993
3.663579639999999
3.163324114
3.4923334290000008
3.1123821389999997
3.688910213999999
3.1521199620000004
3.577366353
3.3729759090000013
3.5270104400000006
3.4511996309999997
3.278798849
3.413660101999999
3.3113467170000006
3.4132123539999997
3.777696743
3.667738162
3.670470378
3.2649041480000003
3.3617498570000004
3.4700505059999998
3.289569683999999
3.243208303999999
2.9454442159999994
3.396175902000001
3.1409594820000004
3.3075236729999995
3.1714149270000003
3.3316957479999996
3.148573546
3.1747182110000005
3.1884693289999997
3.466113605
3.321794729
3.1793584149999985
3.028296738999999
2.716947472999999
2.5886872199999997
2.6330678469999995
2.8612561199999993
2.621589240999999
2.834424706
2.520618004
2.2782026
2.159195705
2.456497612
2.7795614969999995
2.366673265
2.3319855160000005
2.327344488
2.553793686
2.787011402999999
2.4982209430000006
2.43225688
2.3552647959999997
2.557710604
2.6333221009999996
2.711865110999999
2.6047375049999997
2.7394489350000004
2.438981378999999
2.3556416769999986
2.700235609999999
2.5832528639999994
2.1720187489999994
2.5640013849999996
2.6192032559999996
2.351618634
2.5648250219999995
2.5571064239999997
2.4426744879999998
2.5437632339999987
2.1563233490000013
2.236912632
2.0957490690000005
2.3622706850000004
2.1532371000000006
2.324516463
2.502297762
2.6214097159999987
2.3928147099999997
2.546662551000001
2.4723202000000004
2.6327520050000004
2.162839915000001
2.4351287850000003
2.493734751
2.7336489349999997
2.384181035
2.209937131
2.665085537000001
2.8147914920000003
2.571581157
2.496857167
2.4145804679999996
2.427852066000001
2.6101763769999997
2.381965358
2.366234549999999
2.621106628
2.4354589849999995
2.2832056299999994
2.425453042999999
2.32931793
2.37228693
2.3633369710000007
2.6825347089999987
2.395617622
2.232593658
2.391322588999999
2.3182381130000005
2.4609732200000005
2.5469147139999997
2.5295392409999993
2.552882267999999
2.642698039999999
2.367957272
2.104020351999999
2.1461180819999996
2.2877079550000006
2.401507906
2.4722612600000007
2.3506910239999996
2.479560318
2.407036250999999
1.953093566
2.8708509619999996
2.5038568519999997
2.330580233
2.6376083679999995
2.740999748
2.5116887509999994
2.5657396360000004
2.6348942020000004
2.777660095
3.2117477429999988
3.4107203860000004
3.0925162209999995
3.3457956369999997
3.3786103389999997
3.3570948229999997
3.06699727
3.359630688999998
3.750170018
3.141132380999999
2.983643431999999
3.3080553800000003
3.4496864009999997
3.400527566999998
3.241455475
3.493858301
3.3358077649999993
3.4117504769999996
3.1392965899999994
3.3144658680000005
3.294205156000001
3.301779511
3.5990341820000005
3.2226187509999993
3.938694116999999
3.314865996
3.4889498359999997
3.5314831889999994
3.2785782549999993
3.632216789000001
3.7117023150000006
3.479275832
3.6385961409999994
3.3544015710000004
3.1830068839999996
3.2918107569999995
3.4952044449999997
3.701878485999999
3.275940487999999
3.394946694999999
3.3032178569999995
3.3223805889999993
3.2911701730000003
3.5356021579999997
3.0790106059999998
3.2741392689999986
3.3759959669999997
3.4963847200000013
3.634331894000002
3.6557392140000005
3.409132717
3.4984401340000004
3.2446451399999994
3.328571611999999
3.2008658530000003
3.265809367999999
3.1691366690000007
3.0841332400000008
3.4994014480000013
2.4811943419999993
3.4912513839999995
2.652145283
2.5996475039999996
3.199198749999999
3.218276724
3.3834611709999995
3.480763974999999
3.336756418
3.733642225999999
3.4794284470000005
3.7459701099999987
3.4806537100000012
3.417982815999999
3.217697192
2.9516646179999997
2.5262250359999996
2.86078374
2.645801530999999
2.984627972
3.4699487940000013
3.248298196
3.339431852
3.0871616419999994
3.1836896169999997
3.322241238
3.2716597899999993
3.471573201
3.4866123200000017
3.4444101339999995
3.3508149789999995
3.2889801890000006
3.3323932170000004
3.2271037209999998
3.1644866289999998
2.594651563
2.4903437390000005
2.38812245
2.3287259340000004
2.158247364000001
2.313262995999999
2.397399741
3.2657138739999994
3.4327126350000006
3.2418313640000003
3.102825799
3.3509440360000005
3.122413376
3.1739200429999994
3.169054608000001
3.4393556349999983
3.233447839
3.2254926369999994
3.0411766459999994
3.2623876449999996
3.4878735350000003
3.2345740180000004
3.427336678999999
3.450925203
3.468175672000001
3.404835845999999
3.484436221999999
3.3426329149999994
3.4782447550000004
3.3890554639999992
3.535391111000001
3.433151609
2.7967196789999997
3.4178105289999987
2.5489026459999993
3.3162726190000003
3.336247845999999
3.2414319219999994
3.3898299970000005
3.2074609789999995
3.6758360260000003
3.5401210709999997
3.2643732189999994
2.9214981290000006
3.3384251490000003
3.489335544999999
3.3739647470000005
3.446784178
3.2710392520000005
3.2798863630000006
3.639595883999999
3.564580929000001
3.093362215999999
3.692206337
3.2781650520000003
3.5539286430000003
3.3282751859999995
2.976896347999999
3.628951303000001
3.491475733
3.513248381
3.1846725439999997
3.6387567439999997
3.561571662
3.5340282369999985
3.5220914089999993
3.623154763
3.4406295579999995
3.5368143809999997
3.3048210339999993
2.520338536
3.2736347539999997
2.6192403289999997
2.468944805
2.3869558829999993
3.3583956459999995
3.5782163930000004
3.8106806979999996
3.120151019
2.5213041190000003
2.937215517
2.54575577
2.456166449
2.4897677959999998
2.2052441249999997
2.5263550520000004
2.1630424460000004
2.438071506
2.4494101919999993
2.343898263
2.3694354359999994
2.267584657
2.7828713919999997
2.3732362260000004
2.6986955560000006
2.7918652820000007
2.450666416
2.1971293480000007
2.429475491999999
2.3990473860000003
2.4216055729999995
2.3440395059999997
2.3816041479999996
1.936802324999999
2.2945028549999984
2.5205693589999987
2.3953868619999996
1.957099213
2.103515793
2.0421162510000004
2.323696450999999
2.5296021180000006
2.685400926
2.5975492949999994
2.625903599000001
2.423720404999999
2.3950319169999994
2.3401017729999998
2.3595242709999997
2.412093183
2.423531807
2.2168756709999986
2.312990163
2.4927748100000002
2.600385096
2.3935171090000003
2.550838285
2.437607083999999
2.426404977999999
2.6521468620000004
2.6841542250000003
2.3451456189999997
2.5366294110000007
2.462175544
2.8961328819999994
2.7068455469999995
2.405520856999999
2.8081804349999997
2.731478138000001
2.425604923
2.5302339419999997
2.6677660579999998
2.1702443809999994
2.478607794999999
2.3622945360000003
2.408601943999999
2.158506126999999
2.4353409069999987
2.3167576549999995
2.3079507279999993
2.1257927850000002
2.264520419
2.449669548999999
2.4867162190000007
2.4703334530000007
2.330964786999999
2.2256562090000003
2.342570498999999
2.4066939439999997
2.209596235000001
2.431723039
2.443822975
2.565942143999999
2.311422588
2.5614534010000005
2.653640576
2.480247008999999
2.3504480679999986
2.4307523159999995
2.751572847
2.1372969740000003
2.2728378149999995
2.297703909999999
2.5587108049999987
2.4429950809999994
2.6297108379999994
2.26994748
2.465439000999999
2.1528442679999995
2.3520407480000003
2.2507593189999997
2.3488263709999995
2.612284437999999
2.3774938460000006
2.414794957
2.382734136
2.330528194
2.1136121329999993
2.4199890309999987
2.3502067849999992
2.4805759070000004
2.334467262999999
2.551588661
2.1689122680000006
2.372721263
2.4981520470000005
2.4115186669999993
2.3016972620000002
2.3828999139999993
2.027118849
2.4804365329999998
2.3540109840000003
2.3267853239999994
2.485665904
2.292743615999999
2.2530392029999997
2.4784292519999997
2.988818303
2.29136159
2.334891965999999
2.4991797360000003
3.1074516029999995
2.519735184999999
2.811480133999999
2.188010688
2.518990589
2.7016329409999997
2.678415050000001
2.47611982
2.4918434400000002
2.3091898129999997
2.5658730949999993
2.5366909259999995
2.487827376
2.3036173089999994
2.2075602209999996
1.9898456260000001
2.2903758499999998
2.138143554999999
2.32350661
2.3176172609999997
2.4621306080000003
2.3554636710000008
2.549947944000001
2.380616537
2.666889452
2.481969459
2.575109869999999
2.7365896899999997
2.373856726999999
2.422466015999999
2.547612754
2.7122123989999998
2.719764473
2.841810444
2.795325099
2.959408488999999
2.3923211660000003
2.5396347460000004
2.253292449
2.5064227729999997
2.3799865349999996
2.3972625059999997
2.7963255179999997
2.53192806
2.3747360270000017
2.368979111
2.5163768410000005
2.6904610510000007
2.634950177999999
2.634263105
2.2739479580000004
2.7209667469999985
2.53867326
2.6124773789999995
2.8198762520000002
2.5071922480000004
2.457973049999999
2.548248728999999
3.249038647
2.9732069969999992
3.4347179260000003
3.548367438999998
3.6674008179999995
3.2126722599999993
3.4091287840000004
3.3591273919999995
3.2952949339999993
2.739690067999999
3.322700514
3.030833523000001
3.2398712649999992
3.0235133830000005
3.4028659680000004
3.513894031
3.675234023
3.4066048969999994
3.3464412799999996
2.7648952520000005
2.6064504900000003
3.0969178500000005
2.7286674359999994
3.0191263230000005
2.9144261830000007
3.164811057
3.1193849840000003
3.482252423
3.477044768
3.255106092
2.9024103159999997
3.1015317470000006
3.0153416039999996
3.3605447339999994
3.158400092
3.17105717
3.210016646
2.9809440599999992
3.2106159089999995
3.163716704
3.218716667
3.4814908099999995
3.2782301690000004
3.6748036530000006
3.391297706999999
3.1672051399999988
3.1349773510000007
3.3690927230000005
3.1579289249999998
3.4339201369999994
3.139302094999999
3.4765636589999995
3.308588662999999
3.2406042279999996
3.281096798
3.2346379180000002
3.3706807290000005
3.374329745999999
3.417804167999999
3.402598136999999
3.3378620080000005
3.283182149000001
3.1886280859999996
3.343044426000001
3.3000315739999992
3.334636713
