#! FIELDS time com_D
 0.000000 0.628610
 10.000000 0.596631
 20.000000 0.649544
 30.000000 0.616987
 40.000000 0.636176
 50.000000 0.613473
 60.000000 0.681554
 70.000000 0.626431
 80.000000 0.598180
 90.000000 0.608945
 100.000000 0.591524
 110.000000 0.613692
 120.000000 0.603320
 130.000000 0.583464
 140.000000 0.557196
 150.000000 0.596453
 160.000000 0.516190
 170.000000 0.578819
 180.000000 0.575709
 190.000000 0.614555
 200.000000 0.560598
 210.000000 0.577476
 220.000000 0.604164
 230.000000 0.506696
 240.000000 0.611462
 250.000000 0.628048
 260.000000 0.677596
 270.000000 0.575189
 280.000000 0.657827
 290.000000 0.607384
 300.000000 0.605885
 310.000000 0.634609
 320.000000 0.632193
 330.000000 0.688312
 340.000000 0.672974
 350.000000 0.710399
 360.000000 0.675573
 370.000000 0.717524
 380.000000 0.674996
 390.000000 0.717742
 400.000000 0.731988
 410.000000 0.666705
 420.000000 0.719093
 430.000000 0.604993
 440.000000 0.678316
 450.000000 0.652702
 460.000000 0.621578
 470.000000 0.595641
 480.000000 0.654114
 490.000000 0.578973
 500.000000 0.591305
 510.000000 0.673172
 520.000000 0.599869
 530.000000 0.603691
 540.000000 0.516607
 550.000000 0.623513
 560.000000 0.591099
 570.000000 0.589900
 580.000000 0.647808
 590.000000 0.613222
 600.000000 0.593469
 610.000000 0.728057
 620.000000 0.849202
 630.000000 0.712341
 640.000000 0.755585
 650.000000 0.679122
 660.000000 0.652646
 670.000000 0.712083
 680.000000 0.680746
 690.000000 0.635891
 700.000000 0.611827
 710.000000 0.701878
 720.000000 0.591029
 730.000000 0.621920
 740.000000 0.556052
 750.000000 0.575911
 760.000000 0.548094
 770.000000 0.559105
 780.000000 0.586705
 790.000000 0.584685
 800.000000 0.580234
 810.000000 0.593114
 820.000000 0.617142
 830.000000 0.577169
 840.000000 0.593022
 850.000000 0.649108
 860.000000 0.609160
 870.000000 0.599162
 880.000000 0.579675
 890.000000 0.630457
 900.000000 0.588259
 910.000000 0.602815
 920.000000 0.608222
 930.000000 0.537354
 940.000000 0.598634
 950.000000 0.620467
 960.000000 0.602741
 970.000000 0.663169
 980.000000 0.622755
 990.000000 0.611684
 1000.000000 0.646680
 1010.000000 0.609147
 1020.000000 0.644714
 1030.000000 0.628522
 1040.000000 0.633387
 1050.000000 0.574422
 1060.000000 0.604987
 1070.000000 0.584988
 1080.000000 0.674447
 1090.000000 0.606859
 1100.000000 0.580615
 1110.000000 0.624566
 1120.000000 0.656174
 1130.000000 0.727240
 1140.000000 0.713791
 1150.000000 0.709574
 1160.000000 0.636026
 1170.000000 0.673444
 1180.000000 0.690266
 1190.000000 0.708519
 1200.000000 0.671634
 1210.000000 0.604374
 1220.000000 0.668262
 1230.000000 0.614638
 1240.000000 0.667620
 1250.000000 0.592470
 1260.000000 0.570272
 1270.000000 0.571947
 1280.000000 0.526004
 1290.000000 0.589445
 1300.000000 0.613252
 1310.000000 0.690657
 1320.000000 0.650800
 1330.000000 0.649182
 1340.000000 0.603912
 1350.000000 0.706064
 1360.000000 0.646744
 1370.000000 0.764799
 1380.000000 0.593266
 1390.000000 0.693992
 1400.000000 0.607146
 1410.000000 0.727033
 1420.000000 0.558802
 1430.000000 0.581775
 1440.000000 0.610028
 1450.000000 0.634378
 1460.000000 0.637154
 1470.000000 0.682883
 1480.000000 0.562888
 1490.000000 0.555250
 1500.000000 0.548796
 1510.000000 0.558208
 1520.000000 0.566517
 1530.000000 0.629238
 1540.000000 0.599036
 1550.000000 0.677443
 1560.000000 0.691499
 1570.000000 0.723596
 1580.000000 0.658079
 1590.000000 0.631684
 1600.000000 0.688840
 1610.000000 0.702319
 1620.000000 0.705036
 1630.000000 0.658895
 1640.000000 0.621676
 1650.000000 0.625004
 1660.000000 0.719587
 1670.000000 0.664217
 1680.000000 0.691218
 1690.000000 0.670086
 1700.000000 0.672865
 1710.000000 0.661634
 1720.000000 0.648424
 1730.000000 0.697579
 1740.000000 0.766747
 1750.000000 0.745369
 1760.000000 0.609862
 1770.000000 0.595507
 1780.000000 0.645208
 1790.000000 0.634670
 1800.000000 0.588609
 1810.000000 0.573733
 1820.000000 0.604845
 1830.000000 0.542338
 1840.000000 0.659138
 1850.000000 0.581568
 1860.000000 0.548688
 1870.000000 0.658736
 1880.000000 0.553281
 1890.000000 0.601828
 1900.000000 0.536415
 1910.000000 0.564003
 1920.000000 0.524060
 1930.000000 0.586641
 1940.000000 0.556749
 1950.000000 0.570694
 1960.000000 0.562729
 1970.000000 0.543147
 1980.000000 0.538433
 1990.000000 0.507464
 2000.000000 0.523381
 2010.000000 0.529387
 2020.000000 0.548459
 2030.000000 0.570849
 2040.000000 0.575243
 2050.000000 0.550981
 2060.000000 0.601644
 2070.000000 0.628609
 2080.000000 0.579053
 2090.000000 0.567148
 2100.000000 0.548983
 2110.000000 0.548666
 2120.000000 0.580856
 2130.000000 0.577115
 2140.000000 0.558633
 2150.000000 0.506188
 2160.000000 0.566461
 2170.000000 0.644739
 2180.000000 0.617395
 2190.000000 0.619607
 2200.000000 0.580772
 2210.000000 0.574160
 2220.000000 0.564490
 2230.000000 0.638088
 2240.000000 0.569479
 2250.000000 0.573982
 2260.000000 0.570545
 2270.000000 0.630180
 2280.000000 0.586071
 2290.000000 0.600972
 2300.000000 0.565529
 2310.000000 0.567466
 2320.000000 0.575525
 2330.000000 0.544360
 2340.000000 0.614359
 2350.000000 0.570988
 2360.000000 0.596477
 2370.000000 0.616281
 2380.000000 0.549451
 2390.000000 0.558949
 2400.000000 0.564535
 2410.000000 0.554746
 2420.000000 0.550236
 2430.000000 0.627645
 2440.000000 0.507034
 2450.000000 0.575029
 2460.000000 0.572379
 2470.000000 0.560549
 2480.000000 0.611169
 2490.000000 0.613996
 2500.000000 0.609656
 2510.000000 0.592887
 2520.000000 0.584048
 2530.000000 0.551886
 2540.000000 0.590835
 2550.000000 0.592554
 2560.000000 0.575850
 2570.000000 0.595975
 2580.000000 0.654380
 2590.000000 0.563997
 2600.000000 0.598759
 2610.000000 0.593677
 2620.000000 0.566136
 2630.000000 0.609469
 2640.000000 0.608054
 2650.000000 0.587302
 2660.000000 0.568255
 2670.000000 0.564795
 2680.000000 0.521556
 2690.000000 0.632170
 2700.000000 0.573903
 2710.000000 0.541528
 2720.000000 0.619405
 2730.000000 0.610104
 2740.000000 0.638290
 2750.000000 0.617599
 2760.000000 0.717604
 2770.000000 0.663801
 2780.000000 0.602956
 2790.000000 0.619845
 2800.000000 0.622441
 2810.000000 0.601527
 2820.000000 0.563552
 2830.000000 0.614105
 2840.000000 0.626402
 2850.000000 0.569255
 2860.000000 0.616942
 2870.000000 0.591715
 2880.000000 0.622888
 2890.000000 0.655199
 2900.000000 0.623893
 2910.000000 0.563823
 2920.000000 0.615726
 2930.000000 0.626139
 2940.000000 0.588027
 2950.000000 0.584320
 2960.000000 0.576213
 2970.000000 0.552359
 2980.000000 0.636995
 2990.000000 0.621779
 3000.000000 0.640810
 3010.000000 0.550743
 3020.000000 0.580803
 3030.000000 0.570317
 3040.000000 0.625482
 3050.000000 0.593075
 3060.000000 0.672719
 3070.000000 0.614437
 3080.000000 0.552821
 3090.000000 0.603556
 3100.000000 0.541110
 3110.000000 0.615019
 3120.000000 0.603118
 3130.000000 0.557552
 3140.000000 0.598369
 3150.000000 0.590861
 3160.000000 0.606310
 3170.000000 0.594417
 3180.000000 0.554348
 3190.000000 0.571183
 3200.000000 0.546412
 3210.000000 0.561105
 3220.000000 0.612086
 3230.000000 0.616858
 3240.000000 0.626299
 3250.000000 0.606408
 3260.000000 0.581559
 3270.000000 0.562630
 3280.000000 0.628654
 3290.000000 0.562504
 3300.000000 0.606973
 3310.000000 0.599164
 3320.000000 0.590619
 3330.000000 0.617193
 3340.000000 0.585130
 3350.000000 0.537331
 3360.000000 0.657691
 3370.000000 0.586687
 3380.000000 0.568295
 3390.000000 0.547537
 3400.000000 0.603024
 3410.000000 0.587430
 3420.000000 0.533197
 3430.000000 0.506156
 3440.000000 0.500408
 3450.000000 0.575226
 3460.000000 0.562080
 3470.000000 0.565734
 3480.000000 0.522198
 3490.000000 0.554377
 3500.000000 0.577407
 3510.000000 0.582381
 3520.000000 0.612904
 3530.000000 0.564254
 3540.000000 0.615172
 3550.000000 0.617145
 3560.000000 0.647003
 3570.000000 0.615985
 3580.000000 0.597432
 3590.000000 0.696930
 3600.000000 0.626816
 3610.000000 0.628303
 3620.000000 0.609031
 3630.000000 0.605863
 3640.000000 0.624918
 3650.000000 0.553334
 3660.000000 0.495402
 3670.000000 0.571332
 3680.000000 0.566622
 3690.000000 0.597440
 3700.000000 0.538227
 3710.000000 0.474613
 3720.000000 0.568274
 3730.000000 0.546056
 3740.000000 0.513246
 3750.000000 0.595993
 3760.000000 0.555048
 3770.000000 0.585611
 3780.000000 0.603815
 3790.000000 0.584742
 3800.000000 0.598823
 3810.000000 0.610650
 3820.000000 0.601794
 3830.000000 0.619779
 3840.000000 0.578544
 3850.000000 0.527005
 3860.000000 0.624469
 3870.000000 0.584430
 3880.000000 0.611394
 3890.000000 0.539472
 3900.000000 0.577381
 3910.000000 0.549756
 3920.000000 0.573276
 3930.000000 0.541178
 3940.000000 0.551236
 3950.000000 0.539813
 3960.000000 0.616414
 3970.000000 0.503942
 3980.000000 0.537893
 3990.000000 0.509952
 4000.000000 0.610538
 4010.000000 0.570416
 4020.000000 0.507245
 4030.000000 0.569980
 4040.000000 0.553067
 4050.000000 0.550313
 4060.000000 0.527023
 4070.000000 0.527160
 4080.000000 0.527130
 4090.000000 0.615104
 4100.000000 0.546496
 4110.000000 0.574351
 4120.000000 0.577938
 4130.000000 0.549696
 4140.000000 0.587617
 4150.000000 0.501864
 4160.000000 0.544470
 4170.000000 0.595999
 4180.000000 0.640067
 4190.000000 0.574011
 4200.000000 0.592236
 4210.000000 0.675688
 4220.000000 0.625604
 4230.000000 0.517343
 4240.000000 0.570885
 4250.000000 0.558149
 4260.000000 0.597393
 4270.000000 0.549161
 4280.000000 0.570583
 4290.000000 0.581419
 4300.000000 0.660163
 4310.000000 0.659422
 4320.000000 0.634902
 4330.000000 0.655129
 4340.000000 0.640388
 4350.000000 0.621026
 4360.000000 0.719065
 4370.000000 0.618960
 4380.000000 0.540062
 4390.000000 0.564889
 4400.000000 0.640520
 4410.000000 0.664420
 4420.000000 0.623463
 4430.000000 0.601018
 4440.000000 0.592360
 4450.000000 0.588528
 4460.000000 0.566178
 4470.000000 0.633743
 4480.000000 0.528020
 4490.000000 0.619351
 4500.000000 0.555328
 4510.000000 0.544601
 4520.000000 0.543984
 4530.000000 0.601876
 4540.000000 0.584822
 4550.000000 0.556447
 4560.000000 0.507821
 4570.000000 0.535965
 4580.000000 0.562934
 4590.000000 0.551808
 4600.000000 0.520321
 4610.000000 0.550981
 4620.000000 0.584538
 4630.000000 0.539006
 4640.000000 0.544403
 4650.000000 0.702364
 4660.000000 0.579070
 4670.000000 0.641868
 4680.000000 0.639881
 4690.000000 0.667567
 4700.000000 0.769913
 4710.000000 0.735971
 4720.000000 0.798316
 4730.000000 0.667280
 4740.000000 0.727310
 4750.000000 0.736511
 4760.000000 0.771913
 4770.000000 0.673226
 4780.000000 0.675301
 4790.000000 0.658257
 4800.000000 0.588597
 4810.000000 0.559295
 4820.000000 0.585607
 4830.000000 0.655351
 4840.000000 0.670337
 4850.000000 0.694252
 4860.000000 0.660449
 4870.000000 0.690502
 4880.000000 0.593839
 4890.000000 0.567594
 4900.000000 0.596848
 4910.000000 0.523455
 4920.000000 0.561313
 4930.000000 0.553562
 4940.000000 0.586465
 4950.000000 0.577038
 4960.000000 0.604463
 4970.000000 0.650535
 4980.000000 0.568189
 4990.000000 0.554632
 5000.000000 0.655064
 5010.000000 0.599414
 5020.000000 0.578498
 5030.000000 0.638388
 5040.000000 0.696474
 5050.000000 0.555207
 5060.000000 0.632792
 5070.000000 0.623154
 5080.000000 0.650855
 5090.000000 0.574499
 5100.000000 0.640642
 5110.000000 0.747480
 5120.000000 0.812809
 5130.000000 0.764559
 5140.000000 0.794289
 5150.000000 0.815425
 5160.000000 0.703324
 5170.000000 0.865871
 5180.000000 0.594271
 5190.000000 0.563936
 5200.000000 0.618473
 5210.000000 0.606432
 5220.000000 0.549639
 5230.000000 0.525706
 5240.000000 0.575486
 5250.000000 0.578503
 5260.000000 0.621871
 5270.000000 0.657435
 5280.000000 0.615620
 5290.000000 0.551061
 5300.000000 0.596318
 5310.000000 0.606082
 5320.000000 0.577911
 5330.000000 0.527766
 5340.000000 0.633280
 5350.000000 0.553478
 5360.000000 0.596482
 5370.000000 0.625745
 5380.000000 0.612582
 5390.000000 0.535004
 5400.000000 0.606110
 5410.000000 0.616675
 5420.000000 0.580448
 5430.000000 0.596130
 5440.000000 0.568830
 5450.000000 0.544905
 5460.000000 0.612763
 5470.000000 0.637687
 5480.000000 0.664997
 5490.000000 0.557289
 5500.000000 0.599139
 5510.000000 0.636291
 5520.000000 0.584072
 5530.000000 0.574291
 5540.000000 0.652338
 5550.000000 0.714300
 5560.000000 0.692977
 5570.000000 0.628038
 5580.000000 0.595133
 5590.000000 0.725606
 5600.000000 0.742511
 5610.000000 0.801123
 5620.000000 0.626748
 5630.000000 0.528381
 5640.000000 0.644360
 5650.000000 0.532951
 5660.000000 0.538076
 5670.000000 0.566802
 5680.000000 0.553161
 5690.000000 0.531416
 5700.000000 0.568875
 5710.000000 0.580412
 5720.000000 0.542959
 5730.000000 0.536522
 5740.000000 0.578496
 5750.000000 0.580059
 5760.000000 0.564221
 5770.000000 0.563698
 5780.000000 0.576677
 5790.000000 0.609823
 5800.000000 0.659754
 5810.000000 0.494035
 5820.000000 0.586566
 5830.000000 0.551481
 5840.000000 0.521778
 5850.000000 0.521391
 5860.000000 0.540810
 5870.000000 0.630617
 5880.000000 0.628963
 5890.000000 0.692252
 5900.000000 0.654921
 5910.000000 0.597209
 5920.000000 0.518040
 5930.000000 0.632756
 5940.000000 0.614734
 5950.000000 0.606973
 5960.000000 0.577165
 5970.000000 0.566651
 5980.000000 0.595177
 5990.000000 0.536901
 6000.000000 0.572500
 6010.000000 0.568330
 6020.000000 0.568142
 6030.000000 0.527317
 6040.000000 0.590507
 6050.000000 0.619654
 6060.000000 0.579977
 6070.000000 0.614209
 6080.000000 0.577210
 6090.000000 0.618241
 6100.000000 0.613705
 6110.000000 0.535112
 6120.000000 0.565565
 6130.000000 0.586030
 6140.000000 0.526113
 6150.000000 0.558501
 6160.000000 0.614128
 6170.000000 0.525379
 6180.000000 0.546547
 6190.000000 0.569211
 6200.000000 0.560075
 6210.000000 0.513576
 6220.000000 0.570294
 6230.000000 0.534660
 6240.000000 0.525033
 6250.000000 0.575895
 6260.000000 0.530677
 6270.000000 0.584746
 6280.000000 0.572282
 6290.000000 0.538312
 6300.000000 0.567120
 6310.000000 0.567087
 6320.000000 0.569084
 6330.000000 0.515913
 6340.000000 0.541683
 6350.000000 0.550781
 6360.000000 0.546540
 6370.000000 0.539837
 6380.000000 0.559336
 6390.000000 0.615003
 6400.000000 0.588442
 6410.000000 0.553491
 6420.000000 0.553825
 6430.000000 0.534502
 6440.000000 0.529617
 6450.000000 0.605207
 6460.000000 0.506624
 6470.000000 0.546093
 6480.000000 0.571951
 6490.000000 0.526743
 6500.000000 0.597304
 6510.000000 0.522338
 6520.000000 0.605806
 6530.000000 0.538047
 6540.000000 0.566581
 6550.000000 0.537102
 6560.000000 0.586114
 6570.000000 0.631867
 6580.000000 0.605200
 6590.000000 0.535852
 6600.000000 0.573079
 6610.000000 0.578549
 6620.000000 0.539667
 6630.000000 0.624925
 6640.000000 0.563296
 6650.000000 0.615648
 6660.000000 0.537837
 6670.000000 0.555620
 6680.000000 0.552948
 6690.000000 0.553719
 6700.000000 0.636188
 6710.000000 0.700625
 6720.000000 0.593194
 6730.000000 0.649889
 6740.000000 0.747385
 6750.000000 0.714106
 6760.000000 0.501779
 6770.000000 0.552863
 6780.000000 0.672443
 6790.000000 0.646038
 6800.000000 0.561630
 6810.000000 0.533905
 6820.000000 0.552371
 6830.000000 0.578219
 6840.000000 0.617286
 6850.000000 0.584304
 6860.000000 0.533925
 6870.000000 0.583929
 6880.000000 0.579395
 6890.000000 0.553683
 6900.000000 0.561321
 6910.000000 0.594175
 6920.000000 0.579140
 6930.000000 0.525083
 6940.000000 0.559124
 6950.000000 0.590694
 6960.000000 0.565855
 6970.000000 0.594051
 6980.000000 0.592160
 6990.000000 0.635030
 7000.000000 0.561131
 7010.000000 0.568833
 7020.000000 0.545435
 7030.000000 0.607512
 7040.000000 0.624210
 7050.000000 0.735062
 7060.000000 0.690868
 7070.000000 0.573004
 7080.000000 0.630516
 7090.000000 0.683039
 7100.000000 0.839472
 7110.000000 0.542565
 7120.000000 0.566940
 7130.000000 0.561353
 7140.000000 0.645730
 7150.000000 0.686089
 7160.000000 0.596912
 7170.000000 0.550314
 7180.000000 0.582373
 7190.000000 0.546361
 7200.000000 0.739382
 7210.000000 0.778360
 7220.000000 0.678891
 7230.000000 0.639531
 7240.000000 0.565190
 7250.000000 0.679424
 7260.000000 0.687998
 7270.000000 0.587079
 7280.000000 0.649956
 7290.000000 0.680818
 7300.000000 0.565215
 7310.000000 0.496460
 7320.000000 0.608176
 7330.000000 0.548687
 7340.000000 0.533656
 7350.000000 0.581548
 7360.000000 0.610505
 7370.000000 0.583097
 7380.000000 0.539147
 7390.000000 0.603873
 7400.000000 0.507519
 7410.000000 0.597308
 7420.000000 0.587614
 7430.000000 0.670436
 7440.000000 0.673491
 7450.000000 0.564948
 7460.000000 0.572313
 7470.000000 0.550294
 7480.000000 0.645765
 7490.000000 0.566079
 7500.000000 0.586379
 7510.000000 0.603571
 7520.000000 0.583862
 7530.000000 0.510617
 7540.000000 0.562652
 7550.000000 0.583884
 7560.000000 0.583890
 7570.000000 0.525154
 7580.000000 0.623380
 7590.000000 0.626209
 7600.000000 0.572257
 7610.000000 0.634741
 7620.000000 0.691877
 7630.000000 0.535710
 7640.000000 0.641402
 7650.000000 0.664853
 7660.000000 0.596985
 7670.000000 0.573108
 7680.000000 0.584202
 7690.000000 0.565076
 7700.000000 0.595903
 7710.000000 0.651558
 7720.000000 0.654519
 7730.000000 0.690455
 7740.000000 0.666955
 7750.000000 0.563387
 7760.000000 0.664438
 7770.000000 0.654879
 7780.000000 0.520188
 7790.000000 0.603891
 7800.000000 0.530554
 7810.000000 0.591154
 7820.000000 0.608242
 7830.000000 0.557205
 7840.000000 0.748262
 7850.000000 0.539228
 7860.000000 0.566383
 7870.000000 0.582306
 7880.000000 0.551146
 7890.000000 0.465372
 7900.000000 0.547226
 7910.000000 0.544744
 7920.000000 0.592835
 7930.000000 0.636790
 7940.000000 0.620899
 7950.000000 0.560800
 7960.000000 0.651654
 7970.000000 0.656174
 7980.000000 0.585350
 7990.000000 0.712875
 8000.000000 0.716212
 8010.000000 0.783898
 8020.000000 0.944132
 8030.000000 0.853176
 8040.000000 0.733092
 8050.000000 0.676736
 8060.000000 0.868318
 8070.000000 0.812511
 8080.000000 0.844796
 8090.000000 0.830805
 8100.000000 0.528848
 8110.000000 0.557101
 8120.000000 0.640541
 8130.000000 0.601253
 8140.000000 0.618573
 8150.000000 0.619013
 8160.000000 0.687379
 8170.000000 0.546498
 8180.000000 0.721564
 8190.000000 0.624916
 8200.000000 0.533332
 8210.000000 0.688895
 8220.000000 0.563477
 8230.000000 0.637253
 8240.000000 0.595552
 8250.000000 0.545285
 8260.000000 0.632120
 8270.000000 0.531595
 8280.000000 0.557550
 8290.000000 0.562987
 8300.000000 0.626168
 8310.000000 0.520253
 8320.000000 0.567130
 8330.000000 0.564909
 8340.000000 0.561735
 8350.000000 0.603877
 8360.000000 0.662200
 8370.000000 0.631780
 8380.000000 0.570890
 8390.000000 0.607984
 8400.000000 0.579732
 8410.000000 0.556829
 8420.000000 0.586030
 8430.000000 0.593818
 8440.000000 0.585951
 8450.000000 0.571996
 8460.000000 0.564454
 8470.000000 0.547243
 8480.000000 0.599855
 8490.000000 0.602715
 8500.000000 0.555332
 8510.000000 0.575110
 8520.000000 0.561730
 8530.000000 0.533155
 8540.000000 0.560830
 8550.000000 0.582360
 8560.000000 0.520225
 8570.000000 0.555107
 8580.000000 0.588512
 8590.000000 0.586864
 8600.000000 0.563908
 8610.000000 0.565699
 8620.000000 0.545009
 8630.000000 0.566803
 8640.000000 0.517632
 8650.000000 0.603865
 8660.000000 0.552097
 8670.000000 0.630059
 8680.000000 0.579734
 8690.000000 0.608013
 8700.000000 0.607731
 8710.000000 0.617101
 8720.000000 0.609445
 8730.000000 0.611609
 8740.000000 0.595004
 8750.000000 0.615859
 8760.000000 0.580690
 8770.000000 0.589252
 8780.000000 0.585461
 8790.000000 0.595902
 8800.000000 0.600827
 8810.000000 0.675865
 8820.000000 0.590560
 8830.000000 0.559799
 8840.000000 0.568118
 8850.000000 0.715340
 8860.000000 0.599732
 8870.000000 0.565868
 8880.000000 0.542215
 8890.000000 0.578201
 8900.000000 0.581393
 8910.000000 0.530727
 8920.000000 0.551309
 8930.000000 0.566385
 8940.000000 0.584283
 8950.000000 0.555893
 8960.000000 0.570444
 8970.000000 0.536483
 8980.000000 0.564866
 8990.000000 0.556918
 9000.000000 0.616760
 9010.000000 0.657557
 9020.000000 0.626724
 9030.000000 0.582499
 9040.000000 0.568420
 9050.000000 0.575790
 9060.000000 0.581426
 9070.000000 0.621515
 9080.000000 0.647724
 9090.000000 0.572076
 9100.000000 0.515528
 9110.000000 0.504746
 9120.000000 0.541828
 9130.000000 0.581405
 9140.000000 0.531008
 9150.000000 0.529362
 9160.000000 0.564158
 9170.000000 0.580359
 9180.000000 0.583849
 9190.000000 0.613239
 9200.000000 0.533027
 9210.000000 0.672919
 9220.000000 0.654261
 9230.000000 0.588790
 9240.000000 0.549448
 9250.000000 0.604833
 9260.000000 0.554825
 9270.000000 0.553895
 9280.000000 0.566151
 9290.000000 0.623152
 9300.000000 0.555743
 9310.000000 0.540416
 9320.000000 0.617059
 9330.000000 0.530835
 9340.000000 0.599233
 9350.000000 0.559958
 9360.000000 0.567630
 9370.000000 0.634919
 9380.000000 0.656346
 9390.000000 0.674128
 9400.000000 0.532777
 9410.000000 0.578733
 9420.000000 0.532620
 9430.000000 0.558984
 9440.000000 0.573242
 9450.000000 0.578353
 9460.000000 0.634865
 9470.000000 0.541951
 9480.000000 0.551746
 9490.000000 0.522976
 9500.000000 0.595318
 9510.000000 0.595737
 9520.000000 0.583701
 9530.000000 0.531490
 9540.000000 0.549281
 9550.000000 0.625746
 9560.000000 0.571083
 9570.000000 0.568170
 9580.000000 0.543464
 9590.000000 0.607189
 9600.000000 0.609007
 9610.000000 0.578084
 9620.000000 0.631841
 9630.000000 0.633091
 9640.000000 0.626613
 9650.000000 0.587920
 9660.000000 0.627541
 9670.000000 0.545841
 9680.000000 0.596322
 9690.000000 0.656452
 9700.000000 0.788766
 9710.000000 0.747443
 9720.000000 0.656803
 9730.000000 0.769210
 9740.000000 0.673494
 9750.000000 0.709572
 9760.000000 0.734034
 9770.000000 0.660864
 9780.000000 0.709320
 9790.000000 0.657574
 9800.000000 0.640216
 9810.000000 0.563170
 9820.000000 0.630496
 9830.000000 0.530984
 9840.000000 0.579751
 9850.000000 0.558025
 9860.000000 0.590504
 9870.000000 0.608188
 9880.000000 0.563734
 9890.000000 0.543560
 9900.000000 0.577116
 9910.000000 0.566932
 9920.000000 0.566675
 9930.000000 0.567791
 9940.000000 0.561313
 9950.000000 0.539878
 9960.000000 0.600110
 9970.000000 0.581578
 9980.000000 0.540972
 9990.000000 0.580474
 10000.000000 0.496791
 10010.000000 0.506409
 10020.000000 0.537663
 10030.000000 0.631110
 10040.000000 0.700499
 10050.000000 0.581405
 10060.000000 0.544864
 10070.000000 0.540209
 10080.000000 0.642481
 10090.000000 0.581045
 10100.000000 0.641627
 10110.000000 0.626584
 10120.000000 0.578737
 10130.000000 0.575845
 10140.000000 0.590491
 10150.000000 0.551345
 10160.000000 0.553660
 10170.000000 0.553927
 10180.000000 0.572292
 10190.000000 0.542771
 10200.000000 0.550193
 10210.000000 0.556112
 10220.000000 0.518215
 10230.000000 0.590402
 10240.000000 0.619815
 10250.000000 0.547771
 10260.000000 0.546568
 10270.000000 0.647827
 10280.000000 0.554296
 10290.000000 0.563479
 10300.000000 0.600670
 10310.000000 0.597632
 10320.000000 0.578541
 10330.000000 0.561991
 10340.000000 0.594719
 10350.000000 0.561992
 10360.000000 0.552199
 10370.000000 0.569995
 10380.000000 0.597337
 10390.000000 0.599363
 10400.000000 0.618981
 10410.000000 0.616521
 10420.000000 0.714328
 10430.000000 0.627950
 10440.000000 0.586216
 10450.000000 0.525140
 10460.000000 0.496837
 10470.000000 0.578200
 10480.000000 0.529236
 10490.000000 0.581906
 10500.000000 0.611076
 10510.000000 0.607137
 10520.000000 0.569119
 10530.000000 0.566461
 10540.000000 0.612183
 10550.000000 0.678211
 10560.000000 0.619859
 10570.000000 0.637954
 10580.000000 0.607556
 10590.000000 0.604099
 10600.000000 0.594791
 10610.000000 0.607634
 10620.000000 0.575374
 10630.000000 0.547518
 10640.000000 0.574123
 10650.000000 0.614733
 10660.000000 0.654676
 10670.000000 0.568461
 10680.000000 0.631820
 10690.000000 0.615123
 10700.000000 0.551979
 10710.000000 0.642695
 10720.000000 0.579873
 10730.000000 0.680216
 10740.000000 0.696623
 10750.000000 0.646844
 10760.000000 0.623555
 10770.000000 0.681138
 10780.000000 0.705476
 10790.000000 0.684905
 10800.000000 0.665126
 10810.000000 0.573400
 10820.000000 0.646498
 10830.000000 0.545154
 10840.000000 0.587297
 10850.000000 0.501462
 10860.000000 0.625554
 10870.000000 0.621115
 10880.000000 0.671528
 10890.000000 0.626348
 10900.000000 0.568866
 10910.000000 0.553877
 10920.000000 0.654007
 10930.000000 0.586844
 10940.000000 0.638183
 10950.000000 0.662755
 10960.000000 0.676747
 10970.000000 0.631138
 10980.000000 0.692264
 10990.000000 0.625928
 11000.000000 0.645036
 11010.000000 0.659728
 11020.000000 0.605518
 11030.000000 0.674251
 11040.000000 0.568488
 11050.000000 0.528230
 11060.000000 0.639293
 11070.000000 0.569990
 11080.000000 0.564545
 11090.000000 0.510403
 11100.000000 0.613977
 11110.000000 0.543243
 11120.000000 0.601610
 11130.000000 0.586472
 11140.000000 0.579903
 11150.000000 0.545259
 11160.000000 0.598053
 11170.000000 0.632165
 11180.000000 0.573004
 11190.000000 0.544473
 11200.000000 0.642312
 11210.000000 0.646516
 11220.000000 0.616811
 11230.000000 0.666426
 11240.000000 0.589673
 11250.000000 0.554754
 11260.000000 0.579243
 11270.000000 0.557102
 11280.000000 0.582642
 11290.000000 0.638234
 11300.000000 0.506421
 11310.000000 0.608993
 11320.000000 0.587038
 11330.000000 0.539576
 11340.000000 0.510471
 11350.000000 0.575142
 11360.000000 0.556485
 11370.000000 0.616527
 11380.000000 0.628601
 11390.000000 0.581335
 11400.000000 0.593989
 11410.000000 0.518708
 11420.000000 0.607631
 11430.000000 0.596792
 11440.000000 0.544649
 11450.000000 0.585090
 11460.000000 0.633108
 11470.000000 0.638512
 11480.000000 0.582227
 11490.000000 0.655628
 11500.000000 0.615536
 11510.000000 0.760857
 11520.000000 0.652126
 11530.000000 0.700992
 11540.000000 0.788405
 11550.000000 0.689642
 11560.000000 0.573909
 11570.000000 0.559727
 11580.000000 0.555558
 11590.000000 0.522945
 11600.000000 0.566333
 11610.000000 0.552630
 11620.000000 0.562151
 11630.000000 0.556796
 11640.000000 0.562139
 11650.000000 0.538729
 11660.000000 0.536587
 11670.000000 0.585288
 11680.000000 0.616344
 11690.000000 0.549722
 11700.000000 0.601495
 11710.000000 0.596301
 11720.000000 0.548434
 11730.000000 0.531999
 11740.000000 0.583919
 11750.000000 0.655987
 11760.000000 0.638474
 11770.000000 0.758576
 11780.000000 0.714079
 11790.000000 0.641696
 11800.000000 0.630369
 11810.000000 0.701726
 11820.000000 0.707935
 11830.000000 0.806212
 11840.000000 0.781523
 11850.000000 0.644858
 11860.000000 0.594236
 11870.000000 0.579024
 11880.000000 0.561447
 11890.000000 0.571016
 11900.000000 0.552943
 11910.000000 0.544033
 11920.000000 0.593997
 11930.000000 0.574518
 11940.000000 0.561153
 11950.000000 0.575437
 11960.000000 0.561388
 11970.000000 0.527383
 11980.000000 0.555039
 11990.000000 0.559264
 12000.000000 0.535609
 12010.000000 0.520789
 12020.000000 0.538169
 12030.000000 0.561405
 12040.000000 0.586135
 12050.000000 0.548509
 12060.000000 0.592539
 12070.000000 0.518802
 12080.000000 0.582052
 12090.000000 0.508106
 12100.000000 0.618724
 12110.000000 0.582662
 12120.000000 0.520119
 12130.000000 0.616052
 12140.000000 0.599730
 12150.000000 0.558488
 12160.000000 0.535927
 12170.000000 0.584002
 12180.000000 0.626164
 12190.000000 0.625711
 12200.000000 0.593710
 12210.000000 0.562849
 12220.000000 0.510302
 12230.000000 0.571682
 12240.000000 0.507587
 12250.000000 0.537839
 12260.000000 0.636897
 12270.000000 0.607048
 12280.000000 0.562239
 12290.000000 0.588481
 12300.000000 0.596567
 12310.000000 0.531489
 12320.000000 0.591284
 12330.000000 0.618337
 12340.000000 0.530772
 12350.000000 0.579813
 12360.000000 0.568022
 12370.000000 0.577644
 12380.000000 0.552659
 12390.000000 0.578540
 12400.000000 0.496031
 12410.000000 0.598003
 12420.000000 0.527403
 12430.000000 0.581559
 12440.000000 0.557517
 12450.000000 0.513688
 12460.000000 0.553133
 12470.000000 0.580827
 12480.000000 0.577714
 12490.000000 0.581114
 12500.000000 0.610679
 12510.000000 0.532550
 12520.000000 0.592983
 12530.000000 0.591813
 12540.000000 0.559086
 12550.000000 0.537283
 12560.000000 0.532671
 12570.000000 0.581527
 12580.000000 0.621445
 12590.000000 0.549512
 12600.000000 0.645968
 12610.000000 0.602873
 12620.000000 0.596744
 12630.000000 0.517047
 12640.000000 0.569656
 12650.000000 0.632704
 12660.000000 0.700996
 12670.000000 0.577054
 12680.000000 0.555129
 12690.000000 0.526275
 12700.000000 0.566023
 12710.000000 0.589756
 12720.000000 0.660439
 12730.000000 0.596289
 12740.000000 0.586479
 12750.000000 0.558829
 12760.000000 0.606031
 12770.000000 0.647559
 12780.000000 0.550387
 12790.000000 0.570215
 12800.000000 0.566467
 12810.000000 0.608529
 12820.000000 0.598681
 12830.000000 0.518855
 12840.000000 0.495967
 12850.000000 0.589200
 12860.000000 0.553738
 12870.000000 0.633641
 12880.000000 0.548926
 12890.000000 0.604216
 12900.000000 0.512546
 12910.000000 0.558720
 12920.000000 0.588905
 12930.000000 0.532666
 12940.000000 0.539548
 12950.000000 0.582735
 12960.000000 0.608767
 12970.000000 0.567022
 12980.000000 0.544705
 12990.000000 0.576174
 13000.000000 0.608143
 13010.000000 0.610104
 13020.000000 0.660213
 13030.000000 0.631752
 13040.000000 0.598052
 13050.000000 0.542279
 13060.000000 0.628010
 13070.000000 0.603327
 13080.000000 0.578432
 13090.000000 0.585881
 13100.000000 0.588946
 13110.000000 0.590775
 13120.000000 0.683581
 13130.000000 0.662988
 13140.000000 0.618415
 13150.000000 0.583222
 13160.000000 0.623133
 13170.000000 0.622705
 13180.000000 0.602784
 13190.000000 0.564637
 13200.000000 0.576055
 13210.000000 0.573959
 13220.000000 0.605603
 13230.000000 0.595093
 13240.000000 0.618386
 13250.000000 0.538867
 13260.000000 0.567690
 13270.000000 0.572705
 13280.000000 0.576462
 13290.000000 0.558900
 13300.000000 0.675271
 13310.000000 0.595396
 13320.000000 0.551762
 13330.000000 0.597863
 13340.000000 0.567524
 13350.000000 0.582193
 13360.000000 0.549192
 13370.000000 0.585080
 13380.000000 0.534724
 13390.000000 0.605597
 13400.000000 0.552958
 13410.000000 0.550904
 13420.000000 0.560373
 13430.000000 0.563585
 13440.000000 0.625138
 13450.000000 0.599605
 13460.000000 0.613894
 13470.000000 0.560042
 13480.000000 0.619139
 13490.000000 0.622855
 13500.000000 0.578919
 13510.000000 0.638745
 13520.000000 0.600675
 13530.000000 0.577258
 13540.000000 0.585158
 13550.000000 0.567018
 13560.000000 0.591156
 13570.000000 0.619834
 13580.000000 0.649674
 13590.000000 0.640110
 13600.000000 0.636833
 13610.000000 0.584417
 13620.000000 0.612254
 13630.000000 0.690944
 13640.000000 0.672649
 13650.000000 0.650170
 13660.000000 0.625365
 13670.000000 0.557956
 13680.000000 0.551798
 13690.000000 0.626958
 13700.000000 0.545317
 13710.000000 0.586643
 13720.000000 0.623076
 13730.000000 0.626251
 13740.000000 0.558278
 13750.000000 0.598568
 13760.000000 0.564526
 13770.000000 0.551459
 13780.000000 0.607789
 13790.000000 0.625729
 13800.000000 0.553819
 13810.000000 0.607919
 13820.000000 0.683318
 13830.000000 0.639180
 13840.000000 0.533854
 13850.000000 0.552616
 13860.000000 0.648217
 13870.000000 0.730685
 13880.000000 0.656680
 13890.000000 0.732568
 13900.000000 0.649425
 13910.000000 0.690556
 13920.000000 0.625060
 13930.000000 0.631653
 13940.000000 0.618197
 13950.000000 0.645889
 13960.000000 0.603105
 13970.000000 0.623218
 13980.000000 0.644624
 13990.000000 0.704278
 14000.000000 0.652235
 14010.000000 0.731721
 14020.000000 0.640548
 14030.000000 0.631821
 14040.000000 0.549140
 14050.000000 0.681274
 14060.000000 0.681983
 14070.000000 0.626590
 14080.000000 0.663494
 14090.000000 0.686817
 14100.000000 0.672973
 14110.000000 0.651924
 14120.000000 0.629493
 14130.000000 0.764255
 14140.000000 0.866229
 14150.000000 0.900463
 14160.000000 0.944803
 14170.000000 0.941227
 14180.000000 1.021270
 14190.000000 1.000682
 14200.000000 1.066782
 14210.000000 1.023034
 14220.000000 1.020263
 14230.000000 0.981641
 14240.000000 0.952945
 14250.000000 1.028704
 14260.000000 1.017819
 14270.000000 1.097570
 14280.000000 0.996188
 14290.000000 1.036718
 14300.000000 1.006577
 14310.000000 1.100726
 14320.000000 1.188017
 14330.000000 1.196692
 14340.000000 1.213796
 14350.000000 1.106438
 14360.000000 1.173899
 14370.000000 1.244044
 14380.000000 1.350867
 14390.000000 1.379146
 14400.000000 1.438764
 14410.000000 1.550434
 14420.000000 1.387956
 14430.000000 1.426622
 14440.000000 1.300934
 14450.000000 1.122706
 14460.000000 1.145098
 14470.000000 1.370741
 14480.000000 1.404534
 14490.000000 1.314700
 14500.000000 1.353395
 14510.000000 1.342085
 14520.000000 1.283990
 14530.000000 1.338588
 14540.000000 1.326533
 14550.000000 1.333623
 14560.000000 1.429495
 14570.000000 1.418400
 14580.000000 1.321166
 14590.000000 1.235209
 14600.000000 1.274256
 14610.000000 1.306306
 14620.000000 1.324316
 14630.000000 1.271741
 14640.000000 1.509240
 14650.000000 1.396921
 14660.000000 1.431675
 14670.000000 1.216982
 14680.000000 1.248143
 14690.000000 1.325112
 14700.000000 1.290746
 14710.000000 1.429022
 14720.000000 1.331470
 14730.000000 1.437865
 14740.000000 1.402785
 14750.000000 1.390507
 14760.000000 1.519169
 14770.000000 1.410656
 14780.000000 1.345007
 14790.000000 1.337710
 14800.000000 1.375310
 14810.000000 1.469858
 14820.000000 1.322885
 14830.000000 1.295749
 14840.000000 1.295193
 14850.000000 1.382496
 14860.000000 1.240901
 14870.000000 1.280910
 14880.000000 1.281995
 14890.000000 1.378775
 14900.000000 1.286249
 14910.000000 1.389099
 14920.000000 1.406153
 14930.000000 1.320227
 14940.000000 1.437628
 14950.000000 1.379112
 14960.000000 1.364099
 14970.000000 1.293101
 14980.000000 1.492218
 14990.000000 1.396476
 15000.000000 1.219198
 15010.000000 1.184028
 15020.000000 1.232008
 15030.000000 1.197578
 15040.000000 1.235926
 15050.000000 1.386469
 15060.000000 1.267883
 15070.000000 1.450762
 15080.000000 1.522604
 15090.000000 1.408640
 15100.000000 1.457005
 15110.000000 1.364097
 15120.000000 1.391618
 15130.000000 1.099931
 15140.000000 1.095061
 15150.000000 1.087902
 15160.000000 1.112441
 15170.000000 1.084440
 15180.000000 1.061671
 15190.000000 1.116055
 15200.000000 1.139928
 15210.000000 1.109818
 15220.000000 1.107529
 15230.000000 1.108392
 15240.000000 1.137571
 15250.000000 1.089213
 15260.000000 1.089327
 15270.000000 1.111095
 15280.000000 1.092101
 15290.000000 1.122872
 15300.000000 1.069855
 15310.000000 1.079904
 15320.000000 1.022774
 15330.000000 1.023888
 15340.000000 1.135000
 15350.000000 1.104966
 15360.000000 1.089715
 15370.000000 1.104291
 15380.000000 1.098789
 15390.000000 1.092986
 15400.000000 1.115515
 15410.000000 1.066301
 15420.000000 1.093629
 15430.000000 1.096934
 15440.000000 1.124397
 15450.000000 1.047670
 15460.000000 1.031275
 15470.000000 1.052669
 15480.000000 1.079948
 15490.000000 1.082955
 15500.000000 1.064650
 15510.000000 1.123555
 15520.000000 1.018791
 15530.000000 1.061355
 15540.000000 1.114921
 15550.000000 1.110960
 15560.000000 1.088685
 15570.000000 1.119370
 15580.000000 1.345543
 15590.000000 1.223863
 15600.000000 1.306636
 15610.000000 1.203744
 15620.000000 1.417908
 15630.000000 1.310968
 15640.000000 1.564566
 15650.000000 1.720502
 15660.000000 1.632979
