1.817718 0.868111 1.663308 1.384018 1.049877 
1.834212 0.851308 1.648444 1.360040 1.107062 
1.910547 0.875359 1.570497 1.525930 1.048388 
1.886874 0.861686 1.599766 1.417407 1.155326 
1.880263 0.857312 1.705379 1.393285 1.103359 
1.904871 0.855532 1.405658 1.459129 1.122875 
1.850960 0.894281 1.563130 1.656017 1.035458 
1.926951 0.837790 1.645209 1.518564 1.085840 
1.835299 0.856897 1.543229 1.579269 1.039599 
1.799957 0.909950 1.716603 1.481426 1.038559 
1.795223 0.981037 1.681193 1.379415 1.039995 
1.859632 0.913233 1.624269 1.491964 1.010208 
1.865157 1.007072 1.375040 1.530363 1.081779 
1.900451 0.970100 1.238816 1.639823 1.162571 
1.910275 0.976849 1.297993 1.546034 1.167928 
1.901194 1.037328 1.387846 1.597008 1.079658 
1.896701 0.927425 1.332089 1.569247 1.135691 
1.910137 1.040836 1.462390 1.524673 1.116929 
1.951117 0.993969 1.387452 1.579251 1.118380 
1.965717 1.000617 1.371285 1.622479 1.116056 
1.909007 1.014790 1.423006 1.569459 1.020009 
1.889282 0.997989 1.363051 1.468397 1.124389 
1.911550 0.997864 1.484181 1.475751 1.127697 
1.854922 0.980666 1.423665 1.529830 1.133637 
1.922110 0.984941 1.477604 1.488130 1.109908 
1.936984 1.006568 1.517841 1.464484 1.080898 
2.019136 1.013733 1.534668 1.533261 1.067145 
1.927804 0.966995 1.378795 1.645715 1.069900 
1.947585 0.943907 1.508865 1.545641 1.158781 
1.959411 0.990725 1.563098 1.535404 1.081167 
1.952816 0.927265 1.459728 1.577255 1.163207 
1.925865 1.008581 1.533650 1.498007 1.137644 
1.914967 0.977694 1.477060 1.592617 1.094717 
1.853572 0.971142 1.394716 1.511177 1.037118 
1.785025 0.947563 1.483646 1.498713 1.042910 
1.957748 0.923027 1.399586 1.545037 1.173586 
1.926021 0.833106 1.512757 1.511125 1.050370 
1.866387 0.918702 1.559801 1.388013 1.063463 
1.900754 0.915791 1.671800 1.376630 1.045603 
1.984111 0.866772 1.438198 1.486847 1.140851 
1.818431 0.968489 1.576782 1.295838 1.100457 
1.860912 0.884474 1.587648 1.349808 1.113780 
1.934829 0.891448 1.604521 1.335427 1.118004 
1.813549 0.897653 1.486801 1.368310 1.090102 
1.854361 0.921408 1.490603 1.336520 1.121348 
1.821363 0.908557 1.396335 1.387315 1.085710 
1.832824 0.890906 1.584794 1.473299 1.011150 
1.832935 0.876838 1.579014 1.388728 1.088001 
1.830241 0.955347 1.590409 1.400622 1.097850 
1.816192 0.844533 1.474748 1.338611 1.066214 
1.822156 0.827495 1.408060 1.426244 1.126130 
1.816725 1.062034 1.354479 1.507239 0.996113 
1.868795 0.990963 1.393619 1.559660 0.997349 
1.748454 1.018294 1.206484 1.586832 1.010636 
1.767046 0.960510 1.141116 1.564192 1.054668 
1.895286 1.022646 1.383982 1.408342 0.983204 
1.856161 1.027578 1.192310 1.529637 0.972482 
1.888175 1.013499 1.360507 1.559358 1.111819 
1.879442 1.012603 1.247945 1.564229 1.051154 
1.842770 1.027831 1.303872 1.525988 1.006619 
1.799768 0.961505 1.321013 1.565938 1.050854 
1.787009 0.903755 1.545562 1.383763 0.907550 
1.941479 1.147669 1.198098 1.737698 0.809981 
1.752095 1.024252 1.435741 1.406904 0.883899 
1.834766 1.190849 1.659417 1.384834 0.876211 
1.778406 1.235412 1.553930 1.463370 0.828544 
1.788488 0.884890 1.424895 1.479089 0.930612 
1.840532 0.881415 1.586635 1.408657 0.956948 
1.685948 0.881155 1.451075 1.408105 0.957151 
1.740071 0.829705 1.487969 1.476771 0.973297 
1.828406 0.843323 1.611488 1.459750 0.995828 
1.813408 0.848215 1.421426 1.514187 0.926044 
1.796416 1.026281 1.422993 1.528093 1.144154 
1.784755 1.048682 1.475905 1.352162 1.164417 
1.750454 0.980140 1.299348 1.378580 1.226710 
1.821124 1.008608 1.365030 1.392622 1.187059 
1.802971 0.947988 1.362546 1.359178 1.173597 
1.791519 1.057099 1.386564 1.409950 1.171184 
1.906705 1.003270 1.378308 1.455590 1.220086 
1.860335 0.972651 1.260083 1.539862 1.167313 
1.846702 0.953915 1.183110 1.460603 1.184521 
1.790480 0.894156 1.424151 1.376051 1.101680 
1.868035 0.930307 1.313017 1.420765 1.152797 
1.793999 0.879071 1.490641 1.290615 1.139578 
1.859454 0.847468 1.507569 1.353052 1.150591 
1.823343 0.917434 1.430037 1.384899 1.035296 
1.759781 0.895842 1.464194 1.286657 1.101431 
1.804843 0.902966 1.419957 1.359316 1.118010 
1.736861 0.886427 1.600619 1.251962 1.048673 
1.824737 0.810251 1.402099 1.310459 1.117211 
1.819132 0.958979 1.592250 1.337081 1.098082 
1.816902 0.856424 1.465087 1.410584 1.087186 
1.783716 0.883261 1.507305 1.269845 1.071672 
1.752449 0.859140 1.518265 1.335405 1.096345 
1.787642 0.855947 1.422594 1.443535 1.095786 
1.848684 0.867321 1.521107 1.500067 1.126416 
1.820367 0.871827 1.514778 1.332455 1.168207 
1.872513 0.916053 1.339413 1.363106 1.136127 
1.841527 0.888290 1.373772 1.431221 1.098745 
1.777889 0.858553 1.473519 1.397766 1.103158 
1.871281 0.891333 1.500881 1.425254 1.040779 
1.758515 0.888982 1.605766 1.429406 1.170000 
1.823931 0.870021 1.546432 1.418126 1.020560 
1.803281 0.903444 1.665049 1.412964 0.974826 
1.870812 0.885962 1.463674 1.386005 1.066741 
1.787161 0.848645 1.663777 1.462270 1.034239 
1.824920 0.927077 1.568236 1.346493 1.093778 
1.821430 0.866803 1.544987 1.305402 1.042912 
1.801434 0.924842 1.516935 1.387526 1.004627 
1.884448 0.873053 1.501521 1.365143 1.128088 
1.829357 0.881909 1.405373 1.383310 1.115543 
1.796101 0.916662 1.621462 1.411713 1.037885 
1.886025 0.921541 1.597274 1.480063 1.128490 
1.864716 0.946511 1.503350 1.514914 1.043797 
1.940943 0.919136 1.355887 1.570359 1.181854 
1.888840 0.859381 1.432482 1.544991 1.112094 
1.768090 0.930826 1.488712 1.452545 1.112542 
1.860898 0.929364 1.408871 1.418197 1.158403 
1.836831 0.926285 1.372346 1.507379 1.101532 
1.857903 0.985444 1.407379 1.550847 1.030799 
1.879721 0.894214 1.368424 1.555307 1.055174 
1.792068 0.897210 1.562035 1.448062 1.044577 
1.885097 0.860417 1.645147 1.442615 1.089903 
1.841670 0.863443 1.500177 1.399969 1.121716 
1.810703 0.915610 1.556533 1.462004 1.075884 
1.813420 0.976498 1.506141 1.331710 1.086759 
1.849803 0.905917 1.517546 1.389813 1.100890 
1.821031 0.861063 1.530737 1.514839 1.088566 
1.795588 0.845805 1.651331 1.425246 1.097431 
1.826743 0.805570 1.606490 1.352127 1.091655 
1.905240 1.154561 1.479481 1.482185 0.945840 
1.843682 1.202665 1.659501 1.459946 0.760072 
1.767096 0.867001 1.619346 1.295912 0.878144 
1.822913 1.106342 1.621275 1.505335 0.947902 
1.809237 1.084975 1.568156 1.409590 0.946143 
1.823472 1.254210 1.653309 1.367535 0.852806 
1.798366 1.060226 1.644055 1.292703 1.002294 
1.801072 1.246712 1.606471 1.395927 0.808898 
1.830675 0.817855 1.612280 1.408283 1.110530 
1.923337 0.934898 1.592139 1.455418 1.150550 
1.864381 0.874694 1.579729 1.464872 1.145044 
1.973293 0.912487 1.682040 1.508905 1.029184 
1.825933 0.806317 1.652829 1.424390 1.085000 
1.784603 0.901919 1.724524 1.316141 1.048293 
1.851378 0.851411 1.636216 1.302357 1.091632 
1.882640 0.871897 1.619041 1.454669 1.136646 
1.902436 0.852025 1.508264 1.462486 1.080534 
1.895442 0.912494 1.481932 1.457364 1.055023 
1.835879 0.885557 1.586809 1.405132 1.024621 
1.814443 0.941889 1.261292 1.530436 1.052831 
1.875964 1.024840 1.387095 1.565048 1.111134 
1.919759 1.030529 1.388800 1.370792 1.120943 
1.888587 1.017192 1.447205 1.360373 1.070739 
1.901948 1.043556 1.432873 1.366352 1.136281 
1.754056 0.817848 1.373115 1.482838 0.979119 
1.785948 0.944047 1.556284 1.391460 0.845069 
1.788927 0.894126 1.665416 1.371707 0.855568 
1.771058 0.934376 1.639891 1.336466 0.817103 
1.782833 0.957300 1.607375 1.354721 0.818439 
1.742575 0.889183 1.606993 1.300855 0.867169 
1.766926 0.920869 1.688540 1.305195 0.852047 
1.732873 0.935909 1.649734 1.347646 0.814691 
1.808256 0.923698 1.705486 1.394317 0.937850 
1.798740 0.838898 1.670855 1.340846 0.873257 
1.758904 0.824818 1.675692 1.318767 0.895894 
1.801080 0.876836 1.671938 1.389417 0.885805 
1.813639 0.936524 1.636455 1.388578 0.854855 
1.882924 0.842352 1.461004 1.445291 0.973660 
1.786873 0.933517 1.540091 1.328326 0.906749 
1.761846 0.923696 1.397544 1.407306 0.907890 
1.789287 0.943400 1.658466 1.355496 0.856041 
1.950865 1.107074 1.516882 1.507793 0.956990 
1.896204 1.176022 1.579930 1.454886 0.838575 
1.851023 1.314464 1.751032 1.473669 0.741324 
1.906087 1.219327 1.630313 1.560174 0.824296 
1.797933 1.350256 1.585769 1.458652 0.619950 
1.846640 0.972506 1.612590 1.479753 0.924280 
1.758202 1.162113 1.467856 1.341088 0.881253 
1.864518 1.172524 1.558662 1.494007 0.889927 
1.862058 1.197504 1.438452 1.391551 0.994978 
1.890918 1.167507 1.522009 1.446228 0.985857 
1.766756 1.183123 1.585945 1.449456 1.015409 
1.778564 1.200405 1.646076 1.393734 0.937060 
1.765668 1.153502 1.449683 1.419789 0.915547 
1.898951 1.265990 1.522634 1.438694 0.929940 
1.827066 1.230192 1.474589 1.378510 1.012584 
1.789609 1.232198 1.468691 1.391429 0.913300 
1.939590 1.219771 1.569668 1.523282 0.919569 
1.741574 1.173147 1.425745 1.494220 0.844749 
1.812609 1.215724 1.533682 1.353326 0.817179 
1.708140 1.224102 1.568478 1.273478 0.859001 
1.753777 1.201666 1.465345 1.290361 0.935296 
1.710792 1.164590 1.609665 1.248955 0.907227 
1.815624 1.202545 1.358171 1.366217 0.887643 
1.750747 1.231360 1.461426 1.345395 0.825564 
1.800260 1.157410 1.383750 1.309929 0.985260 
1.740406 1.181372 1.380703 1.403374 0.802662 
1.821745 1.191595 1.546970 1.330393 0.911010 
1.830722 1.116952 1.427256 1.467371 0.899499 
1.743288 1.189249 1.383049 1.296648 0.906286 
1.709568 1.178507 1.374786 1.298890 0.854378 
1.705626 1.161733 1.478690 1.289139 0.893355 
1.720195 1.184577 1.409395 1.300650 0.845769 
1.751932 1.184855 1.421938 1.332028 0.909487 
1.805833 1.158498 1.384127 1.354654 0.825515 
1.748777 1.191196 1.492515 1.314243 0.865662 
1.833803 1.191877 1.531209 1.381765 0.812558 
1.882799 1.225020 1.361517 1.454443 0.816307 
1.831287 1.140073 1.248225 1.520586 0.888621 
1.851402 1.114921 1.495167 1.363085 1.029427 
1.841910 1.175016 1.372214 1.377359 0.973811 
1.859964 1.156911 1.442548 1.390445 0.990420 
1.706528 1.144090 1.391472 1.366172 0.879756 
1.743898 1.120251 1.484928 1.417674 0.884970 
1.748335 1.200361 1.476798 1.302549 0.826454 
1.657549 1.047618 1.371211 1.381803 0.945982 
1.697051 1.222969 1.423513 1.314985 0.863057 
1.853462 1.234113 1.466211 1.409460 0.908893 
1.796524 1.187226 1.342821 1.345653 0.977940 
1.887057 1.213040 1.416718 1.393547 0.941408 
1.731994 1.158489 1.421480 1.401072 0.916813 
1.705864 1.194820 1.319065 1.388563 0.908148 
1.809410 0.906778 1.468861 1.314591 1.029342 
1.937648 1.107715 1.468142 1.520861 1.049325 
1.807900 0.912600 1.433531 1.401897 0.991054 
1.897576 1.020367 1.449034 1.503621 0.960979 
1.860801 1.050322 1.421694 1.486076 0.909251 
1.907448 1.196877 1.400019 1.499115 0.911036 
1.812715 1.151433 1.334945 1.401560 0.981333 
1.828010 1.166267 1.328860 1.395493 0.855550 
1.749596 1.073753 1.550687 1.484565 1.033140 
1.832155 1.110497 1.445372 1.515157 0.967725 
1.783866 1.181355 1.410593 1.310798 1.051702 
1.799515 1.096639 1.490931 1.457265 1.024969 
1.863610 1.106024 1.567281 1.499441 1.038876 
1.824876 1.146007 1.481446 1.488784 1.020997 
1.847540 1.169408 1.459989 1.509862 1.022443 
1.865053 1.166747 1.528634 1.531215 1.018451 
1.806727 1.162228 1.428867 1.394930 1.021141 
1.767639 1.120501 1.410049 1.294511 1.086099 
1.733883 1.101001 1.467048 1.418601 0.937161 
1.707967 1.094132 1.437323 1.355173 1.018472 
1.688700 1.195044 1.383974 1.289039 1.012787 
1.799171 1.196907 1.524124 1.314511 1.028227 
1.692316 1.087614 1.477853 1.349159 1.017263 
1.681560 1.154657 1.465448 1.306426 0.948745 
1.764563 1.196666 1.446546 1.363232 0.974961 
1.715739 1.005814 1.361090 1.473809 0.965458 
1.868656 1.189882 1.460396 1.372638 1.054044 
1.761799 1.135830 1.542320 1.271803 1.007662 
1.775853 1.169845 1.422719 1.382860 0.956436 
1.707477 1.210934 1.444362 1.357420 0.900394 
1.770811 1.200603 1.373184 1.373466 0.966049 
1.749539 1.142784 1.404590 1.360518 1.017834 
1.736805 1.161152 1.408927 1.325956 0.823333 
1.790600 1.179488 1.521709 1.339290 0.892855 
1.710187 1.243946 1.366026 1.334449 0.871450 
1.767678 1.177979 1.371104 1.366523 0.899775 
1.897817 1.187986 1.276974 1.320538 0.909542 
1.880311 1.065310 1.473067 1.463338 1.004578 
1.745310 1.241697 1.334157 1.348758 0.857800 
1.766985 1.113912 1.374901 1.313098 1.006349 
1.865657 1.152119 1.499982 1.446192 0.902881 
1.831177 1.144424 1.367037 1.371367 0.926631 
1.790231 1.192734 1.482728 1.428270 0.883032 
1.715302 1.183237 1.473132 1.422034 0.924381 
1.806414 1.161484 1.467596 1.467656 0.928503 
1.874858 1.151570 1.382971 1.494525 0.990315 
1.703885 1.162007 1.390782 1.426208 0.980228 
1.871392 1.175807 1.470538 1.552496 0.983860 
1.843560 1.114957 1.524236 1.430362 0.868229 
1.724846 1.174787 1.406227 1.329110 0.908188 
1.805683 1.196052 1.380428 1.377014 0.940261 
1.766402 1.147784 1.380255 1.459588 0.889410 
1.811474 1.265134 1.477821 1.343141 0.796740 
1.783386 1.229943 1.490894 1.337898 0.925412 
1.920938 1.132263 1.474477 1.388316 0.878704 
1.977811 1.099149 1.403995 1.467077 1.133335 
1.867814 1.193500 1.435208 1.455958 1.018961 
1.777421 1.206533 1.468891 1.331228 1.020785 
1.801454 1.181289 1.560959 1.471055 0.895695 
1.846293 1.043169 1.480863 1.432794 1.082014 
1.823894 1.184501 1.506786 1.483751 0.946100 
1.804979 1.191132 1.387395 1.477561 0.976253 
1.787100 1.163760 1.482801 1.426773 0.973659 
1.841215 1.124829 1.474564 1.454416 0.942203 
1.918548 1.145250 1.342096 1.607905 0.936326 
1.839388 1.143343 1.326129 1.447070 1.013978 
1.807811 1.251005 1.335836 1.357329 0.859247 
1.868411 1.192036 1.457690 1.534738 0.821621 
1.830937 1.094116 1.469028 1.409823 0.918511 
1.884365 0.897524 1.419550 1.508701 0.904900 
1.813719 1.085570 1.375762 1.363262 0.959101 
1.809808 1.231567 1.361333 1.395966 0.923927 
1.793124 1.188958 1.397485 1.356287 0.959340 
1.774117 1.160052 1.322205 1.355126 0.958655 
1.797455 1.218278 1.433543 1.358190 0.883605 
1.700678 1.148322 1.399732 1.292689 0.881038 
1.871599 1.222487 1.381497 1.299671 1.003667 
1.841198 1.180399 1.346854 1.417728 0.931780 
1.868857 1.077913 1.416241 1.324778 0.925489 
1.721831 1.190186 1.527334 1.295285 0.850473 
1.881929 1.080409 1.374114 1.500187 0.942073 
1.724484 1.203449 1.501359 1.385617 0.839122 
1.874916 0.901861 1.553801 1.539603 1.000377 
1.867789 0.856287 1.480464 1.574195 0.988309 
1.851119 1.080491 1.417720 1.564917 0.928858 
1.839514 1.205829 1.539965 1.424497 0.877043 
1.764337 1.147718 1.453822 1.342109 0.940957 
1.729756 1.137109 1.552687 1.385669 0.860548 
1.773944 1.194468 1.516346 1.390333 0.903394 
1.793424 1.242910 1.481110 1.325972 0.927689 
1.798934 1.207628 1.446665 1.434998 0.854263 
1.715279 1.182209 1.459363 1.367695 0.827472 
1.807468 1.119737 1.598645 1.311069 0.931155 
1.782139 1.209981 1.424840 1.400455 0.937722 
1.803787 1.210812 1.428806 1.486479 0.816871 
1.798271 1.118465 1.453738 1.388914 0.870323 
1.798318 1.155002 1.516511 1.380563 0.929212 
1.810573 1.150851 1.473828 1.352637 1.031343 
1.752524 1.121950 1.498991 1.323267 0.869574 
1.664729 1.179557 1.519725 1.314230 0.868462 
1.745408 1.169673 1.382919 1.296067 0.976923 
1.827914 1.200814 1.587622 1.332671 0.927909 
1.761264 1.186474 1.444433 1.368226 0.855194 
1.710358 1.207379 1.485213 1.329012 0.768977 
1.748616 1.212590 1.470745 1.312724 0.821154 
1.784297 1.162023 1.423822 1.356683 0.909788 
1.775309 1.179390 1.374605 1.474144 0.814546 
1.825333 1.133344 1.467930 1.332573 0.892719 
1.785668 1.217428 1.393632 1.365573 0.947492 
1.736710 1.200864 1.448833 1.396995 0.851242 
1.746023 1.210638 1.426499 1.336219 0.823311 
1.715488 1.185654 1.416010 1.357836 0.769741 
1.787192 1.185837 1.420850 1.335555 0.909346 
1.780227 1.153603 1.536315 1.373702 0.797678 
1.913331 1.163343 1.622402 1.371456 0.980759 
1.696276 1.236454 1.559601 1.303498 0.800239 
1.697393 1.153517 1.480936 1.346987 0.873090 
1.661022 1.144993 1.589764 1.244269 0.823967 
1.768336 1.120011 1.422782 1.348366 0.884843 
1.788783 1.171687 1.486307 1.297100 0.850384 
1.709961 1.180082 1.472596 1.295485 0.843455 
1.631045 1.177289 1.540726 1.239286 0.841885 
1.696454 1.154731 1.519207 1.334059 0.838585 
1.703144 1.227521 1.458176 1.311308 0.828286 
1.710494 1.144589 1.515113 1.279558 0.874996 
1.770940 1.129018 1.568736 1.314345 0.883287 
1.794679 1.114561 1.484949 1.301323 1.055035 
1.782951 1.160991 1.463976 1.264253 1.073206 
1.719677 1.189068 1.468140 1.291609 0.898356 
1.728507 1.114811 1.452855 1.345155 0.884508 
1.996547 1.148541 1.350176 1.535325 0.997861 
1.870330 1.096778 1.594570 1.455050 0.950188 
1.986115 1.118024 1.468511 1.633671 0.945449 
1.882620 1.254975 1.418959 1.713622 0.765910 
1.957993 1.270021 1.394206 1.540332 0.873511 
1.931281 1.238149 1.344771 1.528741 0.932443 
1.921904 1.177582 1.453797 1.510434 0.913845 
2.080776 1.149041 1.271441 1.481957 1.050772 
1.915950 1.159454 1.293893 1.507749 0.978229 
1.919126 1.121526 1.378090 1.400473 1.050499 
1.931446 1.202219 1.407155 1.445780 0.982208 
1.892461 1.122468 1.315722 1.509043 0.920965 
1.881725 1.144350 1.323185 1.480364 0.869099 
1.790401 1.137441 1.452751 1.407736 0.954950 
1.659170 1.125375 1.412164 1.239007 0.912266 
1.750204 1.209420 1.325012 1.317291 0.865053 
1.746309 1.216747 1.478475 1.268762 0.936458 
1.705769 1.098729 1.486682 1.343037 0.922946 
1.753396 1.137006 1.430030 1.356030 0.944759 
1.666707 1.138729 1.506961 1.268992 0.894305 
1.730116 1.170333 1.536857 1.324197 0.892502 
1.732979 1.198024 1.534123 1.285852 0.892755 
1.666016 1.114988 1.500910 1.304075 0.868410 
1.812611 1.159978 1.458475 1.486497 0.891907 
1.691771 1.084547 1.404360 1.347194 0.879395 
1.704819 1.020285 1.334440 1.426947 0.860721 
1.777302 1.204361 1.408816 1.299252 0.873945 
1.755918 1.103612 1.498450 1.489845 0.797463 
1.743281 1.181277 1.419297 1.441093 0.796634 
1.773480 1.186528 1.590674 1.435965 0.813529 
1.810424 0.976875 1.439970 1.489202 0.947731 
1.836493 1.186327 1.500993 1.491155 0.851398 
1.714299 1.164283 1.602107 1.385517 0.848610 
1.667024 1.113786 1.538037 1.439354 0.810405 
1.747761 1.091180 1.435816 1.406163 0.903322 
1.775678 1.177914 1.469527 1.292775 0.992062 
1.775450 1.179004 1.490655 1.316862 0.892404 
1.701386 1.108067 1.533192 1.227720 0.933464 
1.738460 1.065072 1.466842 1.388932 0.910266 
1.732229 1.180077 1.588209 1.265533 0.939624 
1.785761 1.163860 1.426375 1.336052 0.960820 
1.774082 1.191688 1.544165 1.308543 0.917642 
1.752023 1.156278 1.654684 1.241497 1.009338 
1.749979 1.210288 1.571897 1.301036 0.866121 
1.861995 1.178366 1.577379 1.304933 0.969626 
1.729702 1.172148 1.477358 1.296531 0.980523 
1.673685 1.235580 1.569562 1.222698 0.899624 
1.699884 1.163665 1.401188 1.283533 1.010135 
1.800901 1.240368 1.421232 1.374238 0.900223 
1.755628 1.197888 1.456805 1.278305 0.922971 
1.703322 1.168648 1.409029 1.342661 0.935103 
1.760446 1.199705 1.502851 1.280073 1.018600 
1.860744 1.155203 1.445430 1.383776 0.941102 
1.796009 1.140555 1.433356 1.292834 1.007364 
1.750999 1.181378 1.384494 1.345926 0.925975 
1.768285 1.099477 1.399246 1.361906 1.022859 
1.726480 0.971414 1.420106 1.514350 0.894947 
1.816456 1.135674 1.557490 1.465142 0.966803 
1.739353 1.194335 1.693772 1.331667 0.810087 
1.759999 1.198943 1.468912 1.355012 0.945412 
1.844432 1.159622 1.431234 1.366307 1.047720 
1.734454 1.150986 1.478235 1.310191 0.915699 
1.772175 1.192153 1.592775 1.335863 0.815560 
1.700559 1.124536 1.637125 1.242711 0.877986 
1.781081 1.109981 1.557525 1.464717 0.871126 
1.887937 1.116109 1.516301 1.520653 0.899797 
1.833520 1.248738 1.449346 1.601769 0.771645 
1.808250 1.215917 1.635696 1.368037 0.902604 
1.846008 1.121873 1.701483 1.400369 0.939642 
1.781008 1.142636 1.733530 1.490002 0.925737 
1.693155 0.942105 1.680690 1.378588 0.946139 
1.768051 0.911329 1.646787 1.347924 1.089669 
1.810974 0.933147 1.605446 1.354955 1.046889 
1.812924 0.882693 1.636321 1.263551 1.114112 
1.814498 0.835129 1.664181 1.251638 1.131994 
1.806530 0.928506 1.467114 1.317499 1.048124 
1.685469 0.834076 1.527202 1.255711 1.087518 
1.818169 0.854942 1.429381 1.263331 1.193092 
1.749599 0.956452 1.450493 1.300252 1.059957 
1.849998 0.862606 1.597895 1.355499 1.139086 
1.883178 0.861631 1.638522 1.437808 1.094164 
1.920732 0.953933 1.571903 1.446242 1.004025 
1.781735 0.867304 1.623369 1.304866 1.119486 
1.791598 0.910642 1.557934 1.356964 0.976133 
1.685430 0.971259 1.537944 1.320447 0.956502 
1.672378 0.868163 1.568446 1.278489 1.026083 
1.726795 0.905758 1.671235 1.216912 1.089053 
1.772911 0.884827 1.689025 1.325866 1.138501 
1.856609 0.881274 1.602576 1.371523 1.132197 
1.879378 0.822286 1.596632 1.305561 1.094185 
1.779487 0.852083 1.451290 1.543506 1.036881 
1.867687 0.855930 1.605896 1.435808 1.059134 
1.717154 0.937911 1.566446 1.243189 1.075675 
1.794439 0.875059 1.537863 1.338017 1.085953 
1.786854 0.888055 1.730816 1.386571 0.966989 
1.801266 0.849295 1.548210 1.258005 1.021366 
1.782071 0.865671 1.636348 1.280285 1.115947 
1.894584 0.900245 1.558199 1.333877 1.079130 
1.755089 0.896867 1.620809 1.249034 1.061415 
1.851177 0.970569 1.468743 1.308755 1.217445 
1.762716 0.839375 1.553364 1.300280 1.143051 
1.771362 0.985588 1.317352 1.462093 1.168664 
1.747740 0.874443 1.560563 1.294189 1.111137 
1.881693 0.831520 1.501227 1.346290 1.169131 
1.793797 0.842784 1.630919 1.287964 1.132772 
1.778178 0.915342 1.569416 1.313623 1.145320 
1.814372 0.862110 1.623030 1.425484 1.127628 
1.748416 0.859770 1.607221 1.236451 1.035656 
1.771591 0.825921 1.615246 1.368758 1.084867 
1.736969 0.872090 1.485661 1.356108 1.085210 
1.759267 0.899683 1.597765 1.317313 1.085064 
1.787423 0.827179 1.614496 1.282850 1.112843 
1.812425 0.890332 1.609609 1.254852 1.125120 
1.860140 1.064833 1.745091 1.414250 0.910492 
1.809749 1.091936 1.584593 1.419176 0.959268 
1.790517 1.052411 1.699222 1.441533 0.990051 
1.757615 0.941185 1.525894 1.294856 1.084587 
1.720081 0.944695 1.541239 1.371673 0.943002 
1.822721 1.107599 1.600960 1.425688 0.981663 
1.728279 1.044880 1.553730 1.296901 0.929622 
1.798882 1.020742 1.606281 1.310153 0.818274 
1.794373 0.892460 1.585173 1.444567 0.965094 
1.811961 0.968350 1.524531 1.370498 0.945810 
1.759634 0.918840 1.632177 1.299405 0.813575 
1.759863 1.052984 1.705595 1.410513 0.949375 
1.797193 1.187231 1.583230 1.398899 0.959763 
1.753680 1.034606 1.615508 1.349083 0.935270 
1.892802 0.896722 1.523873 1.330445 1.075874 
1.745663 0.847631 1.432074 1.300606 1.049309 
1.855182 0.841730 1.437571 1.333845 1.169987 
1.830153 0.832554 1.667463 1.337644 1.131147 
1.912245 0.868068 1.375489 1.445251 1.121552 
1.943335 0.859776 1.484544 1.440763 1.128437 
1.829723 0.943976 1.396869 1.410682 1.024218 
1.825231 0.946912 1.347380 1.494254 1.048689 
1.960829 0.967013 1.420423 1.391186 1.156473 
1.851450 0.884543 1.531262 1.332325 0.993560 
1.856727 0.863467 1.467506 1.372288 1.077467 
1.885815 0.934569 1.458068 1.357752 1.134692 
1.833802 0.896220 1.500082 1.374681 1.037107 
1.834682 0.956771 1.396754 1.513419 1.021963 
1.807588 1.004632 1.485395 1.435751 1.003392 
1.916891 0.995234 1.398846 1.470035 1.121539 
1.883918 1.029921 1.320802 1.511024 1.112393 
1.830144 0.885385 1.382364 1.362822 1.101478 
1.936296 0.891980 1.345445 1.403585 1.015393 
1.705980 0.858226 1.569315 1.448040 0.977667 
1.730222 0.863227 1.601365 1.402688 1.029861 
1.747694 0.933823 1.666194 1.294373 0.967337 
1.765934 0.888989 1.597020 1.273752 1.053898 
1.759324 0.868225 1.587839 1.377774 1.040070 
1.709221 0.918022 1.659069 1.350421 0.921992 
1.892368 0.896167 1.575527 1.422314 1.138663 
1.899885 0.953732 1.561463 1.491612 1.145372 
1.941354 1.072064 1.253575 1.483383 1.124907 
1.873946 1.021604 1.248364 1.407070 1.119579 
2.004051 1.031587 1.266805 1.433655 1.139106 
1.904208 1.008601 1.228779 1.454275 1.144360 
1.857540 0.947241 1.334104 1.574670 1.056019 
1.933646 0.875521 1.124528 1.708207 0.957491 
1.949489 0.912771 1.210391 1.802520 0.826993 
1.925558 0.915427 1.143499 1.735301 0.876017 
1.903603 0.972894 1.113150 1.675834 0.816555 
1.973912 0.885147 1.142158 1.684066 0.888534 
1.906706 0.894860 1.199412 1.707582 0.848607 
1.987730 0.997093 1.020432 1.833635 0.905389 
1.949525 0.911510 1.345250 1.537558 1.152630 
1.927751 0.993379 1.258379 1.528333 1.121323 
1.846323 1.086172 1.488784 1.298201 1.096658 
1.861527 0.922093 1.583634 1.371483 1.076549 
1.770999 0.895972 1.600143 1.317584 1.060246 
1.808770 0.918395 1.710479 1.284968 1.123511 
1.824688 0.848255 1.552176 1.326728 1.097369 
1.805961 0.960599 1.612733 1.325055 1.094198 
1.849553 0.972756 1.687050 1.279873 1.034456 
1.861168 0.866900 1.757261 1.458753 1.028702 
1.723113 0.873982 1.731898 1.317274 0.948469 
1.772655 0.914775 1.763245 1.318831 1.060401 
1.730881 0.878705 1.652698 1.313285 1.034155 
1.678000 0.935807 1.672896 1.365509 1.001975 
1.781802 0.903479 1.744417 1.397978 1.048608 
1.794582 0.852191 1.698906 1.427451 1.072711 
1.853247 0.879632 1.513740 1.391537 1.079718 
1.802422 0.873480 1.668946 1.341407 1.090069 
1.877828 0.859178 1.608081 1.384511 1.086690 
1.794861 0.892971 1.391381 1.342495 1.004251 
1.820387 0.814133 1.566932 1.346803 1.084667 
1.867819 0.902567 1.641295 1.366264 1.103306 
1.857259 0.904634 1.560697 1.534847 1.066119 
1.842672 0.885680 1.620286 1.473421 1.057146 
1.873186 0.849696 1.641152 1.477256 1.117360 
1.836866 0.966197 1.581287 1.439113 1.032979 
1.866396 0.887142 1.657416 1.426348 1.092392 
1.776166 0.848788 1.712715 1.291983 1.133893 
1.855986 0.887046 1.661569 1.464352 1.074524 
1.858797 0.887031 1.558840 1.437887 1.085938 
1.946458 0.868925 1.686915 1.375984 1.209113 
1.746411 0.871805 1.671034 1.317390 1.091996 
1.854897 0.953831 1.712149 1.321973 1.049724 
1.868758 0.837807 1.647974 1.415320 1.093620 
1.817913 0.869983 1.718230 1.313026 1.113627 
1.741291 0.906323 1.723789 1.301360 1.027865 
1.791488 0.853676 1.736372 1.413991 1.047240 
1.911053 0.950467 1.563180 1.395101 1.105348 
1.911636 0.957514 1.580698 1.349684 1.163140 
1.824262 0.876241 1.675918 1.357273 1.139681 
1.717356 0.910737 1.657215 1.346657 0.978460 
1.727571 1.052351 1.672936 1.315958 0.986441 
1.814117 0.993868 1.440681 1.367001 0.887419 
1.736727 1.031807 1.620665 1.386217 0.792261 
1.658331 0.893298 1.461513 1.370093 1.009015 
1.781632 0.802162 1.505259 1.377528 1.036101 
1.847195 0.905935 1.518223 1.467197 1.005296 
1.770093 0.989281 1.405882 1.294371 1.145220 
1.826852 0.991491 1.524212 1.405935 1.104151 
1.874023 0.983770 1.488971 1.351277 1.177748 
1.872322 1.024840 1.415845 1.356734 1.145619 
1.860188 0.985083 1.435951 1.472139 1.188352 
1.788332 0.942321 1.418890 1.449324 1.100920 
1.855623 0.927213 1.590999 1.398776 1.119113 
1.793099 0.922566 1.771724 1.233211 1.055502 
1.685810 0.973315 1.710543 1.212677 1.062265 
1.717472 0.892307 1.689344 1.247841 1.060719 
1.866885 0.894072 1.760303 1.492874 1.050004 
1.852455 0.968478 1.468407 1.334089 1.184106 
1.757536 0.947837 1.267498 1.511435 1.135219 
1.680320 1.158681 1.680244 1.415538 0.874872 
1.820506 1.161165 1.642098 1.424168 1.005134 
1.749935 1.228763 1.650302 1.458801 0.908602 
1.649032 1.145960 1.640854 1.360922 0.995561 
1.775940 1.223755 1.490141 1.364861 1.080643 
1.800742 1.108683 1.458263 1.430389 1.009977 
1.835973 0.966282 1.487280 1.403062 1.215491 
1.851490 0.969476 1.441641 1.507160 1.220687 
1.794071 0.942073 1.652628 1.375662 1.194755 
1.898694 1.135502 1.474358 1.507252 0.977824 
1.916717 0.950193 1.458696 1.542968 0.909565 
1.873073 1.293911 1.311545 1.523355 0.700200 
1.877065 1.260434 1.470488 1.271060 1.013929 
1.737438 1.144791 1.395073 1.381063 0.931666 
1.749837 1.165754 1.359630 1.321311 0.925208 
1.856180 1.088289 1.370038 1.479947 1.015896 
1.858901 1.021611 1.441783 1.474911 1.076232 
1.807110 1.022261 1.620172 1.402044 0.857337 
1.824979 1.160254 1.441961 1.364053 0.942225 
1.785840 1.128944 1.434506 1.454911 0.880648 
1.732817 1.040214 1.447242 1.280305 0.921849 
1.805608 1.139001 1.423197 1.398101 1.020867 
1.758278 1.137233 1.289685 1.464237 0.928925 
1.800701 1.148255 1.393228 1.453896 0.933008 
1.885881 1.135767 1.494690 1.510543 0.973093 
1.755138 1.196747 1.350658 1.300168 0.865197 
1.790923 1.220458 1.398375 1.283036 0.942939 
1.780700 1.217290 1.278244 1.312951 1.036354 
1.767077 1.207678 1.280780 1.386555 0.952206 
1.768710 1.228171 1.394158 1.371697 0.889879 
1.752912 1.046720 1.291375 1.434159 1.062059 
1.801630 1.130180 1.395287 1.302648 1.073408 
1.759967 1.109281 1.303443 1.457124 0.954495 
1.732902 1.143817 1.391560 1.281809 1.024212 
1.733705 1.158694 1.332235 1.270306 0.950062 
1.882154 1.154780 1.399952 1.288078 1.094887 
1.677101 1.157697 1.273520 1.456926 0.929265 
1.741821 1.202319 1.433050 1.356211 0.948506 
1.807538 1.243105 1.478540 1.274008 0.992131 
1.665661 1.193818 1.499788 1.263369 1.008201 
1.704789 1.198360 1.393571 1.366807 1.013831 
1.689269 1.233148 1.448518 1.297938 0.992375 
1.718095 1.194657 1.503198 1.269447 0.969268 
1.707110 1.178864 1.562368 1.335346 0.987109 
1.726201 1.067791 1.271774 1.438426 1.038673 
1.684461 1.143183 1.360219 1.282445 1.041192 
1.685204 1.057208 1.422264 1.397696 1.008322 
1.794981 1.134027 1.373969 1.405411 1.068577 
1.720914 1.151638 1.436492 1.292251 1.072771 
1.753545 1.152948 1.377745 1.328533 1.083981 
1.754490 1.122020 1.412060 1.396677 1.041163 
1.739842 1.113105 1.368333 1.447985 1.050529 
1.788192 1.184746 1.427223 1.344231 1.071518 
1.701078 1.077117 1.431222 1.383233 1.022842 
1.818555 1.127477 1.335487 1.341523 1.122411 
1.768023 1.110018 1.145362 1.334251 1.091350 
1.731120 1.091205 1.242833 1.322505 1.098670 
1.740109 1.159281 1.204421 1.440444 1.050103 
1.758687 1.118365 1.266568 1.371591 1.057942 
1.749570 1.130863 1.291578 1.358271 1.015466 
1.743473 1.156880 1.317101 1.413390 1.101222 
1.852388 1.207877 1.292512 1.447227 1.024560 
1.749541 1.138493 1.321319 1.353058 1.030728 
1.727034 1.094125 1.377647 1.365847 1.028782 
1.675334 1.193477 1.419044 1.319608 1.073853 
1.686165 1.153369 1.377626 1.264229 1.039169 
1.730207 1.130717 1.300788 1.360910 1.019023 
1.751011 1.137270 1.272694 1.424603 0.987160 
1.658171 1.179773 1.362520 1.263081 1.018702 
1.735086 1.212977 1.447362 1.307053 1.077863 
1.802237 1.163772 1.454434 1.321628 0.998097 
1.717238 1.180395 1.276388 1.356919 1.044235 
1.730215 1.001582 1.338715 1.537249 1.003841 
1.682256 1.028135 1.383563 1.458670 0.998004 
1.793538 1.189795 1.426094 1.352564 0.917314 
1.735640 1.185586 1.498147 1.350537 0.975591 
1.686751 1.240900 1.629946 1.287308 0.911771 
1.667180 1.154666 1.593706 1.275176 1.025423 
1.718922 1.073251 1.482918 1.362631 0.985283 
1.795216 1.231338 1.617318 1.270987 0.989750 
1.836247 1.238114 1.514159 1.325632 1.015785 
1.741601 1.132137 1.418048 1.403941 0.929595 
1.695840 1.196226 1.480611 1.342378 0.892140 
1.723133 1.164970 1.550115 1.458371 0.914773 
1.704575 1.077856 1.466886 1.426044 0.973461 
1.752645 1.142094 1.508158 1.397367 0.946818 
1.703340 1.126408 1.437390 1.438578 0.970133 
1.795703 1.140282 1.312517 1.502065 0.873932 
1.748591 1.103102 1.393776 1.341667 1.017434 
1.674218 1.224688 1.521246 1.280904 0.847186 
1.789358 0.899104 1.562128 1.345556 0.952359 
1.738831 0.962603 1.581930 1.354478 0.892721 
1.725555 0.969122 1.738041 1.444021 0.849082 
1.850501 1.086704 1.558014 1.485173 0.840149 
1.653366 0.910983 1.504754 1.502834 0.961220 
1.766244 0.939415 1.650696 1.408669 0.876543 
1.878981 1.018597 1.352347 1.647525 0.896938 
1.838448 1.186452 1.499980 1.568761 0.852299 
1.678438 1.183110 1.398347 1.319840 0.931355 
1.805797 1.111468 1.523688 1.479814 0.965653 
1.811769 1.183036 1.686212 1.383787 0.940679 
1.829994 1.155712 1.639526 1.413466 0.940921 
1.798749 1.196071 1.504282 1.377199 1.063658 
1.700650 1.139239 1.408553 1.399064 1.001816 
1.726356 1.188260 1.434481 1.425579 0.908655 
1.730750 1.114928 1.469852 1.433965 0.870365 
1.853737 1.245335 1.350537 1.490790 0.956711 
1.718142 1.187387 1.549602 1.405027 0.925054 
1.736504 1.140857 1.440863 1.476790 0.951719 
1.687901 1.134684 1.491510 1.320880 0.843852 
1.837990 1.131530 1.572200 1.428233 0.920755 
1.762293 1.121416 1.439750 1.295793 0.981423 
1.776070 1.141891 1.481843 1.326672 0.991999 
1.849835 1.168878 1.361582 1.436218 0.961782 
1.804331 1.150256 1.566838 1.480998 0.958217 
1.705831 1.171108 1.540961 1.407006 0.943543 
1.815245 1.172622 1.444260 1.511523 0.864079 
1.784683 1.142624 1.547865 1.466556 0.926023 
1.772581 1.185579 1.461392 1.332110 0.941311 
1.848514 1.146958 1.425720 1.455633 0.954730 
1.947366 1.072129 1.431013 1.509033 0.988374 
2.002793 1.123503 1.421252 1.562922 1.055567 
1.745254 1.183118 1.550242 1.457104 0.962909 
1.820872 1.119472 1.499050 1.425071 0.987721 
1.785101 0.878285 1.594519 1.304658 1.008217 
1.773127 0.914740 1.596244 1.346766 0.956728 
1.775615 0.949748 1.656873 1.338648 0.920392 
1.870085 1.232735 1.379786 1.581269 0.854698 
1.885113 1.105821 1.601431 1.425038 0.917007 
1.734045 0.933455 1.674202 1.318463 0.930425 
1.784785 0.845183 1.536608 1.304134 1.022424 
1.740053 0.931947 1.603469 1.224328 0.960199 
1.831304 0.948179 1.467758 1.434616 0.857940 
1.751489 0.867745 1.489222 1.260896 1.072333 
1.847429 0.868144 1.526724 1.426662 1.077773 
1.748941 0.884904 1.506378 1.414729 1.015040 
1.774291 0.888003 1.496161 1.355055 1.012891 
1.698112 0.906254 1.573794 1.436676 0.949287 
1.734423 0.852199 1.564126 1.250374 1.051986 
1.742257 0.958439 1.638771 1.281654 1.114379 
1.823251 0.954213 1.721596 1.289012 1.091493 
1.803927 0.879542 1.602237 1.318670 1.075861 
1.822577 1.336389 1.822324 1.495017 0.754733 
1.871865 1.281990 1.929787 1.264280 0.880503 
1.730019 1.177371 1.743153 1.352296 0.909986 
1.786408 1.164314 1.780741 1.355467 0.924806 
1.799733 0.901149 1.692343 1.278759 1.067458 
1.843798 0.881416 1.581211 1.336435 0.974417 
1.851412 0.980197 1.749403 1.409445 0.988580 
1.891755 0.955943 1.707900 1.371266 1.076500 
1.800865 0.940941 1.450810 1.420996 1.051656 
1.878300 0.937787 1.663406 1.409814 1.021431 
1.864248 0.983501 1.554034 1.442292 1.049618 
1.781519 0.898533 1.495005 1.433098 1.066781 
1.785475 1.015648 1.622347 1.321109 0.949545 
1.840134 0.918189 1.523477 1.381369 1.082024 
1.815951 0.904284 1.650225 1.401077 1.013545 
1.809186 0.937732 1.632366 1.413815 0.983072 
1.920711 1.005843 1.451844 1.433348 1.023692 
1.888721 0.948973 1.593562 1.466099 1.056354 
1.783672 0.937609 1.674716 1.405903 1.017155 
1.808768 0.907433 1.650904 1.378572 1.021936 
1.789341 0.919350 1.588197 1.410505 0.967184 
1.829350 1.001138 1.676182 1.387226 0.991037 
1.833470 0.870566 1.573663 1.401818 1.060134 
1.904864 0.863177 1.573396 1.341076 1.044715 
1.907325 0.834749 1.414160 1.597570 1.066718 
1.790644 0.851250 1.589222 1.412560 1.083909 
1.773255 0.915979 1.424079 1.344909 1.043261 
1.778209 0.869253 1.481071 1.329329 1.083122 
1.869649 0.924306 1.680716 1.382190 1.021026 
1.793135 0.829534 1.665109 1.390521 1.065359 
1.769090 0.891981 1.602979 1.377497 1.065197 
1.745908 0.934123 1.731752 1.372244 0.972548 
1.722866 0.859924 1.655869 1.462442 0.956937 
1.782910 0.860062 1.607396 1.452213 1.060151 
1.767690 0.898680 1.656153 1.352742 1.041639 
1.745011 0.871759 1.484165 1.370838 1.061289 
1.827661 0.907384 1.431142 1.387914 1.021323 
1.790527 0.871241 1.536031 1.397143 1.028044 
1.807844 0.951591 1.719632 1.321410 1.023479 
1.819815 0.954569 1.603999 1.327761 1.067385 
1.812812 0.963447 1.607999 1.320338 1.039021 
1.866783 0.838891 1.428328 1.505990 1.094696 
1.896680 0.937301 1.417390 1.549615 1.088837 
1.838365 0.886750 1.606297 1.417140 1.014215 
1.843246 0.901454 1.560229 1.453467 1.025355 
1.838022 0.913338 1.445934 1.414040 0.975395 
1.779588 0.864751 1.552279 1.316618 1.114788 
1.799441 0.926957 1.648598 1.353154 1.010181 
1.744988 0.852090 1.661347 1.318856 1.053040 
1.801460 0.816868 1.680679 1.330314 1.069976 
1.888033 0.872280 1.697419 1.300375 1.075102 
1.723804 0.897971 1.633618 1.340986 0.809977 
1.891642 0.872893 1.758434 1.455472 1.065268 
1.789556 0.917329 1.608903 1.395092 0.935015 
1.825734 0.878955 1.600856 1.366512 1.067223 
1.794334 0.966804 1.685791 1.321649 1.067946 
1.811199 0.901508 1.564078 1.372191 1.014678 
1.758585 0.948908 1.589358 1.382403 0.980550 
1.722018 0.825293 1.766556 1.404647 0.946908 
1.769858 0.876787 1.677770 1.343126 0.985082 
1.761252 0.853162 1.689014 1.308670 1.071626 
1.802599 0.913549 1.666987 1.306221 1.067906 
1.857494 1.044169 1.554067 1.249952 1.026546 
1.901897 0.993012 1.537125 1.487717 1.076201 
1.965184 1.271242 1.674962 1.436666 0.916841 
1.802813 0.864130 1.728882 1.342117 1.107407 
1.833353 0.902023 1.497491 1.368792 1.052852 
1.843163 0.941181 1.598803 1.316970 1.028262 
1.793084 0.898206 1.684415 1.393879 1.097683 
1.750971 0.934444 1.687304 1.296071 1.008880 
1.809328 0.864637 1.596544 1.275289 0.999648 
1.823411 0.862827 1.660048 1.306752 1.065594 
1.813517 0.893112 1.542342 1.347444 1.050153 
1.796874 0.828858 1.514504 1.322377 1.070941 
1.857076 0.938958 1.724545 1.399404 1.091093 
1.817326 0.902617 1.595660 1.290796 1.128980 
1.849516 0.964814 1.575779 1.336536 1.079197 
1.817728 0.954045 1.428123 1.322596 1.020974 
1.878832 0.835509 1.667309 1.393372 1.155009 
1.740557 1.050765 1.630844 1.398778 0.910283 
1.674409 1.048299 1.537524 1.382239 0.924113 
1.765314 1.036582 1.554308 1.278788 0.982196 
1.803158 1.178399 1.600093 1.383344 0.858926 
1.903074 1.263708 1.445533 1.408559 0.830839 
1.728931 1.038153 1.540910 1.409541 0.899481 
1.654787 1.057946 1.600756 1.249763 0.863737 
1.903773 1.163650 1.538462 1.424605 0.936771 
1.933268 1.171603 1.650221 1.324130 0.979817 
1.826788 1.222310 1.533054 1.436712 0.872922 
1.833723 1.145140 1.661225 1.302017 0.863655 
1.706302 1.183269 1.418982 1.492454 0.943045 
1.769035 1.185027 1.513942 1.440806 0.918140 
1.793123 1.142641 1.446700 1.481154 0.934980 
1.669570 1.046174 1.438570 1.501729 0.918336 
1.717106 1.163110 1.444971 1.460956 0.792895 
1.805681 1.240794 1.382062 1.505202 0.911717 
1.778783 1.208004 1.480566 1.380322 1.018778 
1.736418 1.204104 1.475034 1.362173 1.008820 
1.896757 1.266216 1.666908 1.339398 1.067864 
1.774378 1.207801 1.388906 1.396642 0.880205 
1.688730 1.165388 1.453625 1.456542 0.973330 
1.813807 1.301070 1.439397 1.425242 0.951129 
1.693752 1.216562 1.404644 1.457229 0.922185 
1.828252 1.240025 1.381685 1.540593 0.974493 
1.915021 1.003921 1.301313 1.455226 1.156078 
1.840900 1.020360 1.315195 1.423410 1.121386 
1.929696 0.990626 1.407485 1.479689 1.095400 
1.858277 0.976197 1.288495 1.436890 1.180900 
1.796449 0.977789 1.271585 1.494826 1.105004 
1.838591 0.984704 1.355356 1.485474 1.100373 
1.856509 1.015410 1.251566 1.533631 1.099131 
1.769466 1.005062 1.387534 1.492234 1.090769 
1.782467 0.985353 1.443070 1.351275 1.078277 
1.832612 0.934947 1.675086 1.393449 1.104050 
1.835600 0.953868 1.327513 1.445922 1.105486 
1.788538 1.028923 1.488762 1.495342 1.001679 
1.792964 0.885488 1.307149 1.553990 1.034931 
1.820129 0.939585 1.270972 1.605419 1.012410 
1.739902 1.004137 1.266305 1.517484 1.003194 
1.828597 1.010945 1.341185 1.459531 1.036977 
1.920049 0.985151 1.317360 1.419680 1.120688 
1.830806 0.954927 1.348765 1.260381 1.179272 
1.895318 0.982463 1.507563 1.332702 1.147640 
1.753072 1.019828 1.346332 1.574472 1.010144 
1.853783 0.995062 1.327845 1.440038 1.083914 
1.909990 1.037939 1.360559 1.474488 1.134912 
1.863469 0.967261 1.300790 1.477329 1.159098 
1.719436 1.000663 1.345467 1.490640 1.081578 
1.852317 0.996507 1.255327 1.391166 1.133081 
1.779430 1.014646 1.300684 1.562927 1.007318 
1.894713 0.954539 1.231926 1.484623 1.163845 
1.799621 1.063502 1.322933 1.514053 1.113314 
1.882644 1.004741 1.338867 1.437399 1.219684 
1.801618 0.997291 1.299661 1.473659 1.127307 
1.842509 0.982347 1.315227 1.419224 1.170322 
1.897465 1.041555 1.360001 1.422770 1.099972 
1.766102 0.968191 1.337383 1.506433 1.005963 
1.822505 0.985416 1.418863 1.471833 1.093540 
1.853090 1.018260 1.197524 1.553859 1.066167 
1.868751 0.974691 1.384317 1.463198 1.064358 
1.888880 0.971216 1.308545 1.416430 1.250790 
1.843517 0.955818 1.330324 1.440556 1.145192 
1.855401 0.962566 1.414665 1.396686 1.164472 
1.784550 1.011745 1.454678 1.399889 1.108205 
1.758277 0.991771 1.368914 1.413976 1.118069 
1.899791 1.037623 1.364035 1.458578 1.167381 
1.750023 1.000750 1.340988 1.457417 1.096040 
1.872507 0.951466 1.226666 1.545666 1.083537 
1.802921 1.030684 1.363791 1.513886 0.999618 
1.802624 0.935225 1.336888 1.447888 1.105731 
1.828382 0.893016 1.236149 1.567362 1.036374 
1.864984 0.898103 1.151805 1.647428 1.056914 
1.800723 0.941866 1.288762 1.460427 1.039535 
1.856588 0.834101 1.265459 1.535329 1.045396 
1.778350 0.938802 1.317199 1.524577 0.983604 
1.830648 0.997038 1.271664 1.592542 1.032101 
1.803094 0.912706 1.247053 1.561001 1.004541 
1.907896 0.940440 1.311697 1.610282 1.089720 
1.886446 0.954537 1.242671 1.563775 1.078960 
1.779991 0.945656 1.312191 1.580334 1.037636 
1.853198 0.924062 1.133791 1.647861 1.032834 
1.864330 0.909341 1.408874 1.404603 0.935856 
1.855047 1.153798 1.521236 1.441296 0.927496 
1.912542 1.131651 1.419343 1.470573 0.990573 
1.948201 1.131686 1.408440 1.614728 1.045000 
2.009007 1.211130 1.455874 1.558230 0.969378 
1.886293 1.098535 1.485105 1.430089 0.959857 
1.851259 1.142633 1.531029 1.536144 0.907038 
1.732406 1.130650 1.514498 1.348162 0.832225 
1.667804 1.219988 1.570924 1.246821 0.796124 
1.702436 1.180116 1.488203 1.361333 0.829694 
1.688814 1.076469 1.442761 1.296778 0.865904 
1.817502 1.187479 1.603442 1.459129 0.899644 
1.737692 1.214257 1.669303 1.326978 0.896291 
1.743062 1.228340 1.533080 1.348136 0.886031 
1.785258 1.128636 1.514835 1.508219 0.899501 
1.861220 1.066884 1.451126 1.448213 1.041496 
1.733249 1.089392 1.515866 1.531725 0.896795 
1.687153 1.198872 1.539171 1.293642 0.871900 
1.760483 1.180821 1.541863 1.300071 0.827137 
1.802821 1.214200 1.558547 1.314438 0.932056 
1.848851 1.232075 1.500357 1.323173 0.926096 
1.830495 1.170758 1.356922 1.364535 0.992275 
1.828164 1.161870 1.437752 1.351765 0.943957 
1.778322 1.002746 1.332843 1.489296 0.874181 
1.769796 1.199775 1.540058 1.304003 0.924503 
1.765119 1.207293 1.624988 1.345510 0.845536 
1.866041 1.200182 1.424631 1.394923 0.984688 
1.826372 1.193436 1.344117 1.388472 0.945418 
1.776782 1.206574 1.407027 1.391938 0.831089 
1.706808 1.136496 1.468165 1.335962 0.869494 
1.723990 1.145964 1.530377 1.289164 0.863001 
1.735407 1.177132 1.499404 1.331454 0.900653 
1.741424 1.145009 1.437968 1.392041 0.982277 
1.637039 1.144229 1.514351 1.292602 0.901229 
1.773500 1.157801 1.570720 1.366993 0.963476 
1.718529 1.128680 1.413937 1.413113 0.981347 
1.741480 1.227665 1.500291 1.275918 0.867501 
1.757258 1.215211 1.430060 1.351238 0.820297 
1.705418 1.277803 1.491168 1.338375 0.821282 
1.715685 1.176478 1.504821 1.307739 0.827648 
1.774114 1.293351 1.525340 1.358778 0.799696 
1.749927 1.106538 1.374465 1.454254 0.855782 
1.760876 1.099734 1.296026 1.393731 0.963390 
1.698947 1.064397 1.207467 1.408922 0.913401 
1.818515 1.211689 1.402810 1.292381 0.925962 
1.822889 1.119099 1.315063 1.409421 0.948892 
1.776564 1.110608 1.266523 1.437778 0.896358 
1.830825 1.149140 1.433550 1.331283 0.906559 
1.752111 1.199828 1.333179 1.453879 0.873902 
1.770643 1.174622 1.508940 1.311691 0.929683 
1.738526 1.171678 1.511028 1.324932 0.922072 
1.886212 1.133735 1.474923 1.443916 0.958458 
1.712891 1.150187 1.382645 1.299681 0.914082 
1.777903 1.131852 1.178096 1.548756 0.890179 
1.755911 1.099002 1.235805 1.382903 0.955505 
1.741488 1.101792 1.357793 1.276463 0.903280 
1.849409 1.246224 1.453550 1.317675 0.964761 
1.875888 1.215813 1.299728 1.451015 0.915566 
1.860764 1.277452 1.435445 1.272933 0.951440 
1.745756 1.185566 1.412177 1.291125 0.962853 
1.751287 1.126504 1.320631 1.316563 0.919924 
1.687545 1.148236 1.402984 1.308320 0.839840 
1.755055 1.194402 1.504807 1.332391 0.939267 
1.774263 1.157465 1.390074 1.305847 0.974260 
1.795796 1.218866 1.358012 1.324870 1.005813 
1.820730 1.233547 1.299270 1.435884 0.887290 
1.730520 1.213260 1.422133 1.312398 0.977931 
1.733748 1.190379 1.395313 1.310706 0.863828 
1.740591 1.196219 1.469672 1.385655 0.948996 
1.770212 1.176868 1.363581 1.407228 0.854200 
1.771999 1.155921 1.472088 1.405680 0.948558 
1.730173 1.188269 1.537095 1.349469 0.873649 
1.714228 1.164265 1.608561 1.306665 0.859477 
1.702965 1.180801 1.375566 1.322362 0.896909 
1.778429 1.229081 1.466872 1.424642 0.820569 
1.770934 1.149819 1.372951 1.386807 0.922645 
1.769411 1.122180 1.344462 1.387987 0.887616 
1.702088 1.216707 1.388281 1.278598 0.901894 
1.858013 1.193640 1.293316 1.422321 0.950542 
1.798633 1.151113 1.255287 1.354387 0.952275 
1.762472 1.156827 1.418239 1.330988 0.831856 
1.790658 1.192072 1.295634 1.474193 0.808270 
1.763235 1.260106 1.396325 1.337511 0.819150 
1.812386 1.229010 1.404741 1.445568 0.910408 
1.839751 1.231931 1.358774 1.362775 0.938928 
1.877794 1.234576 1.465290 1.384279 0.964952 
1.790787 1.181896 1.489566 1.391722 0.941155 
1.812443 1.188732 1.455292 1.439531 0.873096 
1.744743 1.101556 1.396728 1.470307 0.871772 
1.870371 1.130962 1.229438 1.601571 0.790263 
1.871925 1.081983 1.423036 1.338451 1.039516 
1.728529 0.992635 1.361095 1.516175 0.812779 
1.841696 1.083615 1.168288 1.598325 0.837755 
1.840409 1.033532 1.331296 1.430269 0.904552 
1.811599 0.948045 1.341582 1.484897 0.923000 
1.870457 1.024048 1.345439 1.541628 0.777044 
1.730083 0.945518 1.381854 1.497620 0.866169 
1.700658 1.010683 1.313361 1.475780 0.818647 
1.775563 0.938079 1.538286 1.399080 0.895588 
1.835397 0.927740 1.633196 1.373246 1.010543 
1.836659 0.932449 1.410570 1.526336 1.103910 
1.790979 1.037649 1.260579 1.570769 1.033031 
1.831794 0.970574 1.275266 1.606143 1.003949 
1.861062 0.965319 1.172480 1.549539 1.051903 
1.878370 0.970114 1.242510 1.498309 1.046714 
1.851523 1.005889 1.372831 1.540842 1.032319 
1.882064 1.043738 1.362654 1.494395 1.084658 
1.876500 0.959429 1.395304 1.354690 1.189527 
1.735443 0.958791 1.284021 1.521057 1.051069 
1.705093 1.052149 1.220540 1.467638 1.027890 
1.812871 0.985136 1.168037 1.518888 1.095488 
1.868761 0.981438 1.278677 1.477052 1.112321 
1.808615 0.906603 1.193771 1.533042 1.104155 
1.792582 0.937667 1.262295 1.544530 1.076772 
1.843564 0.893614 1.181229 1.526408 1.182342 
1.864219 0.943288 1.190323 1.602155 1.117460 
1.854009 0.947686 1.195685 1.536540 1.127793 
1.766476 1.014522 1.347463 1.453147 1.049074 
1.808448 0.924615 1.254570 1.555473 1.105042 
1.758450 0.917650 1.318947 1.507690 1.092015 
1.868579 0.969485 1.366553 1.466071 1.071669 
1.928680 0.928372 1.350008 1.443600 1.156362 
1.859963 0.974452 1.298316 1.516223 0.993076 
2.098034 0.931026 1.503956 1.605814 1.183692 
1.840566 0.950408 1.344455 1.469602 1.041354 
1.821381 0.962610 1.484037 1.436642 1.131566 
1.875770 0.978946 1.291258 1.422584 1.146777 
1.906676 1.076297 1.356233 1.415583 1.076442 
1.881402 0.954561 1.261882 1.441965 1.149113 
1.969355 0.848321 1.080846 1.538552 1.266578 
1.879325 0.884223 1.632090 1.324781 1.244930 
1.867179 0.840237 1.537379 1.437125 1.203840 
1.807404 0.846785 1.491554 1.418697 1.150986 
1.766971 0.981941 1.694476 1.314517 1.152315 
1.744223 0.878662 1.586583 1.336474 1.116325 
1.740712 0.926901 1.657312 1.282876 1.209008 
1.836532 0.833184 1.556608 1.365385 1.249823 
1.822722 0.924008 1.627204 1.285462 1.087438 
1.810356 0.895949 1.550204 1.393963 1.077539 
1.831628 0.887879 1.545107 1.324715 1.132515 
1.840686 1.024658 1.141661 1.548750 1.143518 
1.754751 0.976659 1.159819 1.426440 1.122535 
1.902813 0.949800 1.112903 1.607347 1.109689 
1.806993 0.999183 1.249767 1.506296 1.043807 
1.754260 0.932604 1.267126 1.487966 1.143567 
1.777469 0.963349 1.222954 1.501694 1.151226 
1.905895 0.997929 1.532991 1.369291 1.127127 
1.873519 0.918950 1.570929 1.458045 1.168238 
1.934624 0.985338 1.398324 1.384873 1.199055 
1.893668 0.999288 1.328708 1.396671 1.162271 
1.883779 0.977246 1.288365 1.386591 1.101300 
1.819340 0.976087 1.100001 1.492298 1.038989 
1.760723 0.982641 1.278908 1.429809 1.115487 
1.841458 1.023496 1.344142 1.419880 1.051112 
1.828744 0.979479 1.203406 1.468467 1.073630 
1.850351 1.009464 1.309277 1.517729 1.038061 
1.772937 0.966748 1.283428 1.524298 1.025878 
1.933308 0.954545 1.296285 1.446622 1.145011 
1.734041 1.225432 1.321514 1.382440 0.930666 
1.917003 0.992172 1.453077 1.284941 1.121949 
1.722938 0.870846 1.557708 1.292222 0.883170 
1.789092 0.958571 1.569764 1.294024 0.860610 
1.832118 1.004888 1.216284 1.548319 1.079571 
1.775254 0.937542 1.249592 1.555389 1.074835 
1.769874 0.935591 1.380744 1.447738 1.136367 
1.829573 0.916466 1.188203 1.528271 1.125809 
1.841708 0.926030 1.211923 1.589507 1.082358 
1.911744 0.964719 1.303218 1.390878 1.228855 
1.899308 1.008566 1.303378 1.462177 1.125008 
1.922042 0.945286 1.330961 1.483262 1.115654 
1.896112 0.997501 1.410521 1.361800 1.125400 
1.941827 1.048621 1.506627 1.281405 1.182997 
1.819418 0.979079 1.183041 1.483428 1.035796 
1.778851 0.817971 1.383902 1.396861 0.965662 
1.771235 1.021964 1.351461 1.505507 0.849058 
1.742347 0.977317 1.503319 1.399888 0.976649 
1.774321 0.908943 1.691512 1.303806 0.869825 
1.771746 0.860476 1.611034 1.260943 1.052917 
1.827852 0.897512 1.418107 1.339060 1.108583 
1.842173 0.829966 1.614355 1.378100 1.068260 
1.796275 0.913714 1.561580 1.448972 1.023388 
1.806778 0.907265 1.602609 1.324590 1.016223 
1.818691 0.885124 1.621246 1.361428 1.049011 
1.812534 0.878624 1.699432 1.299473 1.134120 
1.877673 0.838149 1.524769 1.396402 1.102543 
1.891992 0.929705 1.389104 1.591847 1.189334 
1.869878 0.877641 1.604061 1.382885 1.151513 
1.894742 0.871073 1.535134 1.468263 1.171124 
1.842333 0.846847 1.543478 1.391634 1.115280 
1.822848 0.845026 1.583099 1.365145 1.086351 
1.875165 0.859987 1.530678 1.408479 1.062881 
1.822308 0.943034 1.552368 1.270480 1.071299 
1.915133 0.917557 1.710729 1.418893 1.062886 
1.782376 1.005820 1.713656 1.443276 0.894451 
1.690398 1.017005 1.711062 1.384161 0.858052 
1.760286 0.893712 1.540123 1.354891 0.770294 
1.848110 0.948077 1.502562 1.418338 0.829392 
1.938719 1.100691 1.417373 1.512583 0.739526 
1.857845 1.074905 1.453477 1.485394 0.860438 
1.832566 1.064987 1.601388 1.389049 0.841449 
1.845834 0.893535 1.631279 1.383160 1.053703 
1.852240 0.905201 1.532630 1.480088 1.070370 
1.766585 0.802054 1.634435 1.321838 1.080763 
1.739830 0.951359 1.708505 1.253725 1.070741 
1.766667 0.873705 1.556981 1.271196 1.107287 
1.772912 0.860095 1.594116 1.396152 0.986550 
1.752999 0.831046 1.643015 1.317596 1.014127 
1.812210 0.947659 1.582144 1.327733 1.059734 
1.846224 0.795071 1.305890 1.456724 1.106372 
1.835414 0.832679 1.454790 1.356946 1.070914 
1.776022 0.923420 1.469369 1.284214 1.107974 
1.808358 1.000512 1.569260 1.289678 1.060856 
1.737458 0.881072 1.413646 1.364148 1.135384 
1.858917 0.843836 1.312445 1.437405 1.164861 
1.798285 0.900556 1.311528 1.332754 1.084968 
1.927823 0.880951 1.270136 1.524390 1.085668 
1.820538 0.856062 1.364142 1.479873 1.169912 
1.938988 0.913616 1.383637 1.498884 1.161436 
1.811226 0.844359 1.435011 1.470017 1.126304 
1.853328 0.912411 1.397819 1.457431 1.122525 
1.898560 0.935293 1.418517 1.508005 1.068721 
1.881748 0.874030 1.488443 1.474456 1.163256 
1.866511 0.933461 1.424543 1.399474 1.142559 
1.864241 0.931172 1.279514 1.516664 1.177327 
1.805490 0.996003 1.303292 1.326050 1.125796 
1.751173 1.071838 1.329193 1.506156 0.986336 
1.857302 0.991313 1.229035 1.337118 1.169647 
1.733501 1.154959 1.332524 1.397400 0.969400 
1.748983 0.970970 1.212984 1.539269 1.094525 
1.843152 0.935369 1.226414 1.602072 1.080816 
1.813945 0.976279 1.073217 1.568374 1.076956 
1.840600 1.012454 1.105113 1.561001 1.150673 
1.856508 1.016334 1.103053 1.575703 1.090770 
1.923131 0.952738 1.352719 1.414663 1.147358 
1.871935 1.015878 1.283729 1.447318 1.209225 
1.804320 1.017991 1.076389 1.491052 1.041204 
1.834801 1.021960 1.215824 1.552828 0.975046 
1.850924 0.963412 1.260632 1.516443 1.122306 
1.864010 0.985410 1.284356 1.441111 1.091334 
1.877075 0.862722 1.191243 1.545235 1.142981 
1.954906 1.003435 1.181291 1.492517 1.146039 
1.867501 1.052754 1.218218 1.419049 1.095193 
1.832104 0.991365 1.159224 1.557646 1.052959 
1.909422 0.980645 1.204523 1.433719 1.152341 
1.760418 0.944123 1.175793 1.408326 1.151730 
1.828976 0.965301 1.198200 1.564277 1.022856 
1.869693 0.946634 1.249582 1.426277 1.130935 
1.846768 1.063283 1.381791 1.348827 1.074233 
1.913364 0.967937 1.168806 1.463130 1.069041 
1.801663 0.983143 1.300347 1.404517 1.123421 
1.771393 0.977711 1.068245 1.501752 0.980969 
1.922486 0.988949 1.309252 1.399958 1.146334 
1.876457 0.965870 1.323399 1.366835 1.122767 
1.915093 0.978334 1.269203 1.517166 1.131852 
1.850992 1.053643 1.271266 1.423654 1.082938 
1.873805 0.948792 1.300536 1.413415 1.136684 
1.912300 1.011655 1.291008 1.431135 1.155445 
1.931639 0.974412 1.350753 1.408280 1.133992 
1.871868 0.977291 1.306783 1.426853 1.156399 
1.928976 1.002348 1.157137 1.410374 1.200139 
1.852018 0.958722 1.317931 1.517603 1.134549 
1.904312 0.944702 1.359574 1.404864 1.099346 
1.888282 0.988847 1.303959 1.454931 1.105445 
1.782227 1.173065 1.213518 1.402117 0.991142 
1.829767 0.989231 1.280630 1.538717 1.098585 
1.815650 1.159103 1.236831 1.436760 0.955657 
1.793676 1.183795 1.227715 1.472883 0.904324 
1.682875 1.158313 1.308517 1.428129 0.928156 
1.847653 1.009252 1.373062 1.324413 1.062275 
1.925671 1.018413 1.303485 1.396499 1.159176 
2.037346 0.982062 1.394810 1.579125 1.141463 
1.844903 0.909249 1.538561 1.295242 0.936545 
1.745985 0.892649 1.596685 1.361896 0.816572 
1.948767 0.884137 1.275866 1.577178 0.967848 
1.777914 0.936099 1.277148 1.569220 0.841209 
1.668919 1.089366 1.395777 1.350250 0.835297 
1.783204 1.193291 1.506490 1.272035 0.913384 
1.766486 1.182406 1.455448 1.405370 0.886940 
1.657107 1.120956 1.509547 1.267656 0.893301 
1.740422 1.194225 1.547763 1.379785 0.858877 
1.719252 1.190719 1.464331 1.256074 0.920714 
1.738367 1.143477 1.483831 1.259193 0.861400 
1.729977 1.157744 1.491142 1.237640 0.819911 
1.742681 1.184387 1.407539 1.360190 0.894281 
1.689666 1.184599 1.429239 1.267041 0.783311 
1.727972 0.995049 1.408834 1.463118 0.896197 
1.736840 1.163117 1.469239 1.349545 0.841365 
1.795180 1.171991 1.393970 1.345608 0.990677 
1.742651 1.140680 1.439986 1.387202 0.938327 
1.875532 1.139300 1.375835 1.382127 0.892191 
1.767475 1.135883 1.325888 1.466344 0.872311 
1.766511 1.178072 1.490488 1.350770 0.861286 
1.740116 1.194549 1.427391 1.330541 0.890137 
1.752960 1.220375 1.417046 1.361064 0.842706 
1.904340 1.245092 1.417624 1.507269 0.823462 
1.874755 1.121018 1.415943 1.523807 0.898896 
1.900496 1.253211 1.458133 1.419556 0.758868 
1.900610 1.192766 1.518097 1.443219 0.808931 
1.900421 1.192284 1.383639 1.523918 0.902287 
1.809907 1.117535 1.508460 1.410609 0.879968 
1.878624 1.335750 1.413112 1.518361 0.786115 
1.894798 1.320776 1.369936 1.616473 0.812855 
1.956683 1.250795 1.441662 1.593713 0.818210 
1.830486 1.045716 1.626573 1.402796 0.874603 
1.759568 1.134928 1.615078 1.391775 0.908454 
1.774298 1.187854 1.470642 1.247668 0.979039 
1.718239 1.182231 1.412867 1.353337 0.925678 
1.774616 1.157366 1.426230 1.322790 0.970750 
1.711402 1.164312 1.548882 1.340330 0.840735 
1.719105 1.201919 1.535312 1.326590 0.825885 
1.694388 1.112729 1.468863 1.374327 0.829104 
1.826952 1.193085 1.451377 1.400942 0.828702 
1.764311 1.166801 1.547136 1.340486 0.846873 
1.761987 1.141337 1.436071 1.387745 0.859421 
1.722433 1.162453 1.506084 1.362971 0.768925 
1.732264 1.160233 1.461973 1.350282 0.837672 
1.738800 1.090643 1.411403 1.377764 0.873065 
1.744465 1.090643 1.483791 1.357652 0.818622 
1.813629 1.094819 1.395637 1.423446 0.878546 
1.722982 1.125097 1.486465 1.388720 0.863154 
1.662475 1.180676 1.494429 1.273870 0.893198 
1.725322 1.147461 1.566003 1.320982 0.858152 
1.815737 1.111321 1.449629 1.433325 0.883195 
1.747071 1.114821 1.470655 1.382574 0.996882 
1.712032 1.179401 1.539048 1.303915 0.869939 
1.767591 1.210057 1.419508 1.415800 0.989012 
1.735413 1.184611 1.486911 1.353834 0.900781 
1.815041 1.123182 1.478352 1.335321 0.988428 
1.663092 1.020537 1.396903 1.480493 0.911213 
1.772655 1.176108 1.491510 1.399563 0.887652 
1.751757 1.129117 1.645863 1.262810 0.959594 
1.724089 1.034790 1.391599 1.451580 0.894189 
1.761434 1.206181 1.566990 1.290103 0.835161 
1.750641 1.147037 1.573214 1.354309 0.852086 
1.743701 1.184119 1.612699 1.290611 0.923208 
1.655636 1.198599 1.496423 1.308744 0.805340 
1.717338 1.205877 1.601700 1.301028 0.872270 
1.751598 1.173014 1.521662 1.369694 0.854281 
1.761743 1.175378 1.675455 1.263678 0.889804 
1.746163 1.189306 1.562539 1.325376 0.813367 
1.747852 1.149185 1.465935 1.350286 0.818704 
1.701242 1.193631 1.582051 1.407519 0.798083 
1.727862 1.160940 1.572333 1.322288 0.798129 
1.698106 1.166571 1.499641 1.359207 0.847260 
1.810240 1.202002 1.409900 1.359750 0.886326 
1.798740 1.114427 1.291567 1.475224 0.959718 
1.827235 1.129484 1.396061 1.367468 0.848130 
1.811616 1.190131 1.492232 1.344198 0.818215 
1.818232 1.219151 1.407589 1.373826 0.813764 
1.740242 1.208957 1.498113 1.456424 0.744617 
1.730426 1.177085 1.530987 1.266915 0.806363 
1.789379 1.164098 1.521322 1.366998 0.784702 
1.701983 1.221115 1.527008 1.354229 0.705578 
1.725511 1.173796 1.553739 1.299045 0.803071 
1.788841 1.092177 1.522157 1.413104 0.744028 
1.712634 1.037203 1.513198 1.386671 0.803553 
1.786288 1.186729 1.608959 1.350566 0.797484 
1.704108 1.115116 1.507959 1.354603 0.877352 
1.717772 1.183074 1.595016 1.339086 0.839100 
1.624708 1.133522 1.572823 1.335742 0.824034 
1.866369 1.174517 1.591718 1.480529 0.769509 
1.700134 1.156383 1.582770 1.288151 0.780545 
1.725453 1.079747 1.532300 1.414378 0.823283 
1.715874 1.149123 1.484321 1.452074 0.769596 
1.682385 1.181750 1.562760 1.323155 0.778928 
1.707338 1.194112 1.601535 1.198123 0.816850 
1.755786 1.027138 1.395356 1.449062 0.819403 
1.679745 1.173944 1.506501 1.374487 0.826485 
1.783638 1.152347 1.600375 1.306195 0.849505 
1.705229 1.183797 1.484272 1.372622 0.750022 
1.641964 1.168960 1.539632 1.307671 0.792008 
1.801015 1.132380 1.618907 1.262262 0.750434 
1.760099 1.197754 1.563903 1.319313 0.830992 
1.772760 1.144448 1.577344 1.250121 0.752460 
1.730217 1.190703 1.448734 1.314216 0.830446 
1.682623 1.112459 1.378062 1.273789 0.864081 
1.732333 1.181697 1.483583 1.331449 0.737889 
1.822806 1.199881 1.456219 1.331560 0.807194 
1.759683 1.180472 1.468907 1.332452 0.778446 
1.833864 1.220956 1.547600 1.341649 0.805137 
1.732873 1.169078 1.459784 1.402303 0.740063 
1.786636 1.156184 1.631822 1.348360 0.790371 
1.731077 1.202555 1.567005 1.270486 0.824545 
1.753382 1.175385 1.610291 1.257761 0.811912 
1.831858 1.161686 1.676183 1.453868 0.834909 
1.865906 1.224953 1.682439 1.377636 0.831283 
1.745043 1.200089 1.519930 1.332659 0.739111 
1.703199 1.177501 1.631361 1.329768 0.773881 
1.696378 1.187884 1.637818 1.276168 0.797913 
1.796351 1.107755 1.657098 1.385681 0.820328 
1.851187 1.135894 1.607565 1.475252 0.792599 
1.893921 1.184803 1.607787 1.564182 0.753104 
1.751986 1.204626 1.467982 1.387858 0.770093 
1.813755 1.153784 1.541740 1.401782 0.824367 
1.824902 1.183907 1.610152 1.358004 0.805489 
1.841522 1.191571 1.548206 1.374031 0.804020 
1.860713 1.153788 1.457075 1.358928 0.865280 
1.759907 1.179794 1.357277 1.338128 0.823826 
1.751094 1.198074 1.347877 1.390454 0.777006 
1.756944 1.157823 1.380103 1.353364 0.877206 
1.812316 1.053304 1.239981 1.313808 0.925841 
1.811211 1.160584 1.237014 1.458234 0.843036 
1.741332 1.175138 1.444606 1.282358 0.805591 
1.697126 1.145718 1.567067 1.301152 0.858364 
1.853453 1.031479 1.430611 1.235014 0.885484 
1.737909 1.162429 1.415105 1.282621 0.957556 
1.928466 1.175217 1.388603 1.370334 0.956019 
1.768603 1.199350 1.500729 1.327964 0.841486 
1.855253 1.077676 1.599377 1.317382 0.865949 
1.730819 1.034681 1.485445 1.320601 0.922820 
1.760828 1.175386 1.436605 1.354815 0.887512 
1.825577 1.183400 1.346005 1.337799 0.905112 
1.707849 1.175694 1.358202 1.327180 0.894774 
1.767192 1.180543 1.366053 1.324805 0.930783 
1.770556 1.171589 1.405146 1.333606 0.885149 
1.811269 1.139432 1.419540 1.331086 0.979217 
1.785715 1.152574 1.438663 1.360463 0.875435 
1.725495 1.178563 1.444458 1.291880 0.815116 
1.777034 1.174466 1.341598 1.407672 0.835010 
1.780480 1.250442 1.415829 1.433579 0.745217 
1.793279 1.198207 1.466325 1.296761 0.817377 
1.851679 1.267733 1.381613 1.481289 0.785972 
1.801717 1.208469 1.259280 1.370297 0.805397 
1.778720 1.124314 1.404869 1.424973 0.807126 
1.697134 1.180064 1.476498 1.267358 0.871479 
1.796516 1.130299 1.448770 1.471942 0.858061 
1.751553 1.194726 1.452985 1.422441 0.878882 
1.740907 1.135018 1.414429 1.433836 0.855816 
1.841543 1.162885 1.407623 1.404047 0.950652 
1.755850 1.142954 1.314324 1.435621 0.952988 
1.778686 1.189469 1.284795 1.438192 0.990583 
1.966137 1.112749 1.265694 1.559366 1.013078 
1.807669 1.180626 1.263971 1.491521 0.884749 
1.827804 1.218866 1.426496 1.328390 0.952836 
1.794916 1.143670 1.244173 1.386031 0.920329 
1.885261 0.992202 1.335823 1.487183 0.900829 
1.893840 0.995929 1.341531 1.453733 0.866768 
1.819008 0.970017 1.429529 1.385417 0.923619 
1.816411 0.866446 1.492872 1.502027 0.951971 
1.847234 0.877871 1.422210 1.465184 0.951950 
1.848895 1.116920 1.466366 1.544698 0.936663 
1.748292 1.153493 1.339202 1.392798 0.929401 
1.697615 1.187666 1.405770 1.302811 0.860850 
1.814806 1.162159 1.454553 1.393926 0.904611 
1.716312 1.101620 1.316821 1.350588 0.889221 
1.737166 1.192739 1.273389 1.323003 0.870748 
1.760572 1.064384 1.311538 1.397167 1.004503 
1.740376 1.181051 1.467574 1.302651 0.952591 
1.725553 1.129653 1.339764 1.391534 0.892073 
1.933180 1.210152 1.371392 1.466275 0.868908 
1.780700 1.187598 1.431315 1.334191 0.886555 
1.819005 1.138034 1.434380 1.322943 1.016170 
1.787838 1.140339 1.319479 1.351709 1.008810 
1.731718 1.074458 1.327025 1.441565 0.930280 
1.745229 1.174841 1.422096 1.443849 0.840111 
1.702587 1.034620 1.302067 1.449903 0.888262 
1.747026 1.188325 1.504609 1.297667 0.889864 
1.735349 1.093986 1.348826 1.411296 1.007906 
1.830085 1.050345 1.252917 1.430037 1.008506 
1.782738 1.107564 1.355542 1.353229 0.943552 
1.692384 1.099828 1.337792 1.335053 0.952796 
1.726435 1.111936 1.431807 1.303927 0.964859 
1.769157 0.958757 1.207361 1.504186 1.148565 
1.793563 0.975669 1.441825 1.511663 1.076646 
1.819533 0.980071 1.376024 1.479697 1.116987 
1.786892 0.985991 1.438692 1.473916 1.153199 
1.858882 0.996783 1.505869 1.489143 1.227914 
1.769635 1.015272 1.480612 1.454101 1.102821 
1.880333 0.903252 1.394397 1.558237 1.102449 
1.808090 0.888924 1.528717 1.449618 1.117114 
1.830115 0.967755 1.187075 1.576551 1.048709 
1.795182 0.964671 1.154169 1.570789 0.951530 
1.782806 0.941498 1.163450 1.535531 1.097203 
1.745287 0.916819 1.511959 1.349271 1.059995 
1.802002 0.984428 1.529054 1.348775 1.106715 
1.770418 0.884813 1.496544 1.402869 1.012601 
1.911137 1.017696 1.204065 1.609175 1.064440 
1.912967 1.035713 1.191002 1.588410 1.172386 
1.940847 0.986539 1.209172 1.568506 1.190145 
1.903335 1.008525 1.233858 1.510831 1.095477 
1.797573 1.003900 1.306706 1.443518 1.112946 
1.719704 0.840539 1.515203 1.349294 0.965063 
1.784940 0.891768 1.580599 1.415530 0.924237 
1.838818 0.980490 1.470418 1.345399 1.088363 
1.709592 1.027908 1.625388 1.327985 0.928774 
1.792680 0.977656 1.666723 1.286999 1.021507 
1.733473 1.008359 1.726576 1.249855 0.975893 
1.754404 0.819790 1.542926 1.378030 0.989754 
1.840391 0.934091 1.593485 1.433212 0.997890 
1.760591 0.847573 1.481143 1.379924 1.105994 
1.836024 0.909038 1.499681 1.367632 1.156826 
1.823971 0.911535 1.431735 1.410615 1.106358 
1.784585 0.868089 1.455928 1.336636 1.037079 
1.751652 0.848380 1.460550 1.299915 1.107553 
1.718522 0.854318 1.422538 1.348503 1.003348 
1.812168 0.928316 1.579779 1.465943 1.075008 
1.782112 0.919284 1.645379 1.277049 1.087793 
1.691814 0.862588 1.403130 1.314624 1.099920 
1.913673 1.051948 1.592676 1.454047 1.091662 
1.720954 0.852346 1.543637 1.294085 1.044233 
1.762079 0.853394 1.475977 1.319960 1.088168 
1.869761 0.871361 1.396227 1.401505 1.077329 
1.770257 0.936159 1.418883 1.370849 1.094098 
1.784805 0.861328 1.471017 1.285741 1.183757 
1.755909 0.853936 1.564821 1.342209 1.042714 
1.841235 0.940788 1.245659 1.361124 1.281771 
1.900744 0.972410 1.412009 1.460435 1.192138 
1.790460 0.964769 1.530850 1.320578 1.122914 
1.858744 0.997494 1.355879 1.545311 1.075232 
1.736061 0.940108 1.541788 1.375719 1.142048 
1.833944 0.903335 1.423050 1.479048 1.100414 
1.880724 0.911534 1.386812 1.498966 1.089574 
1.840938 0.902388 1.480335 1.551780 1.049395 
1.846766 0.940256 1.422000 1.430240 1.146930 
1.807818 0.971355 1.210032 1.626444 1.090219 
1.764812 0.971855 1.685540 1.335993 1.056993 
1.791501 0.959527 1.621058 1.391822 1.048165 
1.909242 0.973112 1.464404 1.530525 1.029468 
1.840101 0.990960 1.391392 1.431047 1.134480 
1.824366 0.957819 1.281119 1.521307 1.129729 
1.916815 0.911002 1.370602 1.617266 1.145849 
1.884193 1.006943 1.285475 1.612108 1.088979 
1.769239 1.014058 1.354566 1.585087 1.137493 
1.792988 0.936204 1.444054 1.521503 1.033500 
1.863707 0.906671 1.338171 1.576841 1.111356 
1.897538 0.896889 1.573859 1.455278 1.029144 
1.814615 0.939102 1.455844 1.450398 1.061351 
1.878124 0.890663 1.556901 1.421770 1.091664 
